# Trace from filein = ./62270n01                                                                                                                   
#   time        TI0                                                                                                                          
   2.0000E+00   9.9535E-01
   2.0000E+00   9.9272E-01
   2.0000E+00   9.8987E-01
   2.0001E+00   9.8681E-01
   2.0001E+00   9.8360E-01
   2.0001E+00   9.8031E-01
   2.0001E+00   9.7701E-01
   2.0001E+00   9.7371E-01
   2.0001E+00   9.7045E-01
   2.0001E+00   9.6723E-01
   2.0001E+00   9.6406E-01
   2.0002E+00   9.6097E-01
   2.0002E+00   9.5793E-01
   2.0002E+00   9.5495E-01
   2.0002E+00   9.5199E-01
   2.0002E+00   9.4899E-01
   2.0002E+00   9.4590E-01
   2.0003E+00   9.4263E-01
   2.0003E+00   9.3907E-01
   2.0003E+00   9.3503E-01
   2.0003E+00   9.3808E-01
   2.0004E+00   9.4200E-01
   2.0004E+00   9.4608E-01
   2.0005E+00   9.4928E-01
   2.0006E+00   9.5118E-01
   2.0006E+00   9.5229E-01
   2.0006E+00   9.5322E-01
   2.0007E+00   9.5411E-01
   2.0007E+00   9.5514E-01
   2.0008E+00   9.5627E-01
   2.0008E+00   9.5751E-01
   2.0009E+00   9.5886E-01
   2.0009E+00   9.6027E-01
   2.0010E+00   9.6172E-01
   2.0011E+00   9.6318E-01
   2.0012E+00   9.6466E-01
   2.0013E+00   9.6619E-01
   2.0014E+00   9.6777E-01
   2.0015E+00   9.6943E-01
   2.0016E+00   9.7113E-01
   2.0017E+00   9.7192E-01
   2.0019E+00   9.7273E-01
   2.0021E+00   9.7362E-01
   2.0024E+00   9.7469E-01
   2.0027E+00   9.7606E-01
   2.0032E+00   9.7777E-01
   2.0036E+00   9.7958E-01
   2.0040E+00   9.8104E-01
   2.0043E+00   9.8225E-01
   2.0045E+00   9.8310E-01
   2.0046E+00   9.8363E-01
   2.0047E+00   9.8402E-01
   2.0048E+00   9.8442E-01
   2.0049E+00   9.8494E-01
   2.0051E+00   9.8565E-01
   2.0054E+00   9.8672E-01
   2.0058E+00   9.8838E-01
   2.0063E+00   9.9076E-01
   2.0069E+00   9.9347E-01
   2.0069E+00   9.9359E-01
   2.0069E+00   9.9361E-01
   2.0070E+00   9.9363E-01
   2.0070E+00   9.9365E-01
   2.0070E+00   9.9365E-01
   2.0070E+00   9.9366E-01
   2.0070E+00   9.9366E-01
   2.0070E+00   9.9367E-01
   2.0070E+00   9.9368E-01
   2.0070E+00   9.9370E-01
   2.0070E+00   9.9374E-01
   2.0070E+00   9.9379E-01
   2.0070E+00   9.9384E-01
   2.0070E+00   9.9389E-01
   2.0070E+00   9.9394E-01
   2.0070E+00   9.9400E-01
   2.0070E+00   9.9407E-01
   2.0071E+00   9.9417E-01
   2.0071E+00   9.9432E-01
   2.0072E+00   9.9457E-01
   2.0074E+00   9.9502E-01
   2.0077E+00   9.9590E-01
   2.0082E+00   9.9768E-01
   2.0086E+00   9.9903E-01
   2.0088E+00   9.9977E-01
   2.0092E+00   1.0011E+00
   2.0098E+00   1.0036E+00
   2.0098E+00   1.0036E+00
   2.0098E+00   1.0036E+00
   2.0098E+00   1.0036E+00
   2.0098E+00   1.0036E+00
   2.0098E+00   1.0037E+00
   2.0098E+00   1.0037E+00
   2.0098E+00   1.0038E+00
   2.0098E+00   1.0039E+00
   2.0099E+00   1.0042E+00
   2.0099E+00   1.0047E+00
   2.0100E+00   1.0054E+00
   2.0102E+00   1.0067E+00
   2.0102E+00   9.7520E-01
   2.0102E+00   9.7520E-01
   2.0102E+00   9.7520E-01
   2.0102E+00   9.7520E-01
   2.0102E+00   9.7520E-01
   2.0102E+00   9.7520E-01
   2.0102E+00   9.7521E-01
   2.0102E+00   9.7521E-01
   2.0102E+00   9.7521E-01
   2.0102E+00   9.7521E-01
   2.0102E+00   9.7521E-01
   2.0102E+00   9.7521E-01
   2.0102E+00   9.7522E-01
   2.0102E+00   9.7522E-01
   2.0102E+00   9.7522E-01
   2.0102E+00   9.7521E-01
   2.0102E+00   9.7518E-01
   2.0102E+00   9.7515E-01
   2.0102E+00   9.7512E-01
   2.0102E+00   9.7509E-01
   2.0102E+00   9.7505E-01
   2.0102E+00   9.7500E-01
   2.0102E+00   9.7494E-01
   2.0102E+00   9.7487E-01
   2.0102E+00   9.7480E-01
   2.0102E+00   9.7470E-01
   2.0102E+00   9.7470E-01
   2.0102E+00   9.7470E-01
   2.0102E+00   9.7469E-01
   2.0102E+00   9.7469E-01
   2.0102E+00   9.7469E-01
   2.0102E+00   9.7469E-01
   2.0102E+00   9.7469E-01
   2.0102E+00   9.7469E-01
   2.0102E+00   9.7469E-01
   2.0102E+00   9.7469E-01
   2.0102E+00   9.7469E-01
   2.0102E+00   9.7468E-01
   2.0102E+00   9.7468E-01
   2.0102E+00   9.7467E-01
   2.0102E+00   9.7465E-01
   2.0102E+00   9.7463E-01
   2.0102E+00   9.7460E-01
   2.0103E+00   9.7456E-01
   2.0103E+00   9.7453E-01
   2.0103E+00   9.7452E-01
   2.0103E+00   9.7451E-01
   2.0103E+00   9.7447E-01
   2.0103E+00   9.7444E-01
   2.0103E+00   9.7443E-01
   2.0103E+00   9.7442E-01
   2.0103E+00   9.7442E-01
   2.0104E+00   9.7444E-01
   2.0104E+00   9.7444E-01
   2.0104E+00   9.7446E-01
   2.0105E+00   9.7448E-01
   2.0105E+00   9.7452E-01
   2.0105E+00   9.7456E-01
   2.0106E+00   9.7462E-01
   2.0106E+00   9.7470E-01
   2.0107E+00   9.7478E-01
   2.0107E+00   9.7488E-01
   2.0107E+00   9.7489E-01
   2.0107E+00   9.7488E-01
   2.0107E+00   9.7488E-01
   2.0107E+00   9.7488E-01
   2.0107E+00   9.7488E-01
   2.0107E+00   9.7488E-01
   2.0107E+00   9.7488E-01
   2.0107E+00   9.7488E-01
   2.0107E+00   9.7488E-01
   2.0107E+00   9.7487E-01
   2.0107E+00   9.7487E-01
   2.0107E+00   9.7487E-01
   2.0107E+00   9.7486E-01
   2.0108E+00   9.7486E-01
   2.0108E+00   9.7485E-01
   2.0108E+00   9.7485E-01
   2.0108E+00   9.7484E-01
   2.0108E+00   9.7485E-01
   2.0109E+00   9.7485E-01
   2.0109E+00   9.7485E-01
   2.0109E+00   9.7484E-01
   2.0109E+00   9.7484E-01
   2.0109E+00   9.7484E-01
   2.0109E+00   9.7484E-01
   2.0109E+00   9.7484E-01
   2.0109E+00   9.7484E-01
   2.0109E+00   9.7484E-01
   2.0109E+00   9.7484E-01
   2.0109E+00   9.7484E-01
   2.0109E+00   9.7484E-01
   2.0110E+00   9.7484E-01
   2.0110E+00   9.7487E-01
   2.0110E+00   9.7489E-01
   2.0111E+00   9.7492E-01
   2.0111E+00   9.7494E-01
   2.0111E+00   9.7496E-01
   2.0111E+00   9.7496E-01
   2.0111E+00   9.7496E-01
   2.0111E+00   9.7496E-01
   2.0112E+00   9.7497E-01
   2.0112E+00   9.7498E-01
   2.0112E+00   9.7500E-01
   2.0112E+00   9.7505E-01
   2.0113E+00   9.7510E-01
   2.0113E+00   9.7517E-01
   2.0114E+00   9.7523E-01
   2.0114E+00   9.7534E-01
   2.0115E+00   9.7560E-01
   2.0117E+00   9.7617E-01
   2.0121E+00   9.7764E-01
   2.0126E+00   9.8073E-01
   2.0126E+00   9.8074E-01
   2.0126E+00   9.8075E-01
   2.0126E+00   9.8075E-01
   2.0126E+00   9.8076E-01
   2.0126E+00   9.8078E-01
   2.0127E+00   9.8080E-01
   2.0127E+00   9.8085E-01
   2.0127E+00   9.8094E-01
   2.0127E+00   9.8110E-01
   2.0128E+00   9.8140E-01
   2.0129E+00   9.8196E-01
   2.0131E+00   9.8302E-01
   2.0135E+00   9.8507E-01
   2.0142E+00   9.8908E-01
   2.0142E+00   9.8909E-01
   2.0142E+00   9.8910E-01
   2.0142E+00   9.8911E-01
   2.0142E+00   9.8912E-01
   2.0142E+00   9.8913E-01
   2.0142E+00   9.8916E-01
   2.0142E+00   9.8922E-01
   2.0142E+00   9.8930E-01
   2.0142E+00   9.8948E-01
   2.0143E+00   9.8982E-01
   2.0144E+00   9.9044E-01
   2.0146E+00   9.9154E-01
   2.0148E+00   9.9350E-01
   2.0154E+00   9.9703E-01
   2.0162E+00   1.0035E+00
   2.0178E+00   1.0155E+00
   2.0204E+00   1.0370E+00
   2.0249E+00   1.0732E+00
   2.0324E+00   1.1254E+00
   2.0399E+00   1.1694E+00
   2.0474E+00   1.2080E+00
   2.0549E+00   1.2421E+00
   2.0624E+00   1.2724E+00
   2.0699E+00   1.2997E+00
   2.0774E+00   1.3244E+00
   2.0849E+00   1.3468E+00
   2.0924E+00   1.2821E+00
   2.0999E+00   1.2967E+00
   2.1074E+00   1.3106E+00
   2.1149E+00   1.3241E+00
   2.1224E+00   1.3373E+00
   2.1299E+00   1.3502E+00
   2.1374E+00   1.3626E+00
   2.1449E+00   1.3745E+00
   2.1524E+00   1.3855E+00
   2.1599E+00   1.3958E+00
   2.1674E+00   1.3271E+00
   2.1749E+00   1.3380E+00
   2.1824E+00   1.3484E+00
   2.1899E+00   1.3587E+00
   2.1974E+00   1.3691E+00
   2.2049E+00   1.3793E+00
   2.2124E+00   1.3894E+00
   2.2199E+00   1.3991E+00
   2.2274E+00   1.4083E+00
   2.2349E+00   1.4247E+00
   2.2423E+00   1.3642E+00
   2.2496E+00   1.3784E+00
   2.2571E+00   1.3927E+00
   2.2646E+00   1.4068E+00
   2.2721E+00   1.4206E+00
   2.2796E+00   1.4343E+00
   2.2871E+00   1.4475E+00
   2.2946E+00   1.4602E+00
   2.3021E+00   1.4722E+00
   2.3096E+00   1.4835E+00
   2.3171E+00   1.4329E+00
   2.3246E+00   1.4395E+00
   2.3321E+00   1.4467E+00
   2.3396E+00   1.4546E+00
   2.3471E+00   1.4629E+00
   2.3546E+00   1.4715E+00
   2.3621E+00   1.4803E+00
   2.3696E+00   1.4870E+00
   2.3738E+00   1.4916E+00
   2.3738E+00   1.4916E+00
   2.3738E+00   1.4916E+00
   2.3738E+00   1.4916E+00
   2.3738E+00   1.4916E+00
   2.3738E+00   1.4916E+00
   2.3738E+00   1.4916E+00
   2.3738E+00   1.4916E+00
   2.3738E+00   1.4916E+00
   2.3739E+00   1.4916E+00
   2.3739E+00   1.4917E+00
   2.3740E+00   1.4918E+00
   2.3742E+00   1.4920E+00
   2.3744E+00   1.4923E+00
   2.3749E+00   1.4930E+00
   2.3757E+00   1.4941E+00
   2.3770E+00   1.4960E+00
   2.3794E+00   1.4987E+00
   2.3833E+00   1.5019E+00
   2.3901E+00   1.4171E+00
   2.3956E+00   1.4211E+00
   2.3985E+00   1.4217E+00
   2.3985E+00   1.4216E+00
   2.3985E+00   1.4216E+00
   2.3985E+00   1.4216E+00
   2.3985E+00   1.4216E+00
   2.3985E+00   1.4216E+00
   2.3985E+00   1.4216E+00
   2.3985E+00   1.4216E+00
   2.3985E+00   1.4216E+00
   2.3985E+00   1.4216E+00
   2.3986E+00   1.4216E+00
   2.3986E+00   1.4216E+00
   2.3986E+00   1.4215E+00
   2.3986E+00   1.4215E+00
   2.3986E+00   1.4215E+00
   2.3986E+00   1.4215E+00
   2.3986E+00   1.4215E+00
   2.3986E+00   1.4215E+00
   2.3986E+00   1.4143E+00
   2.3986E+00   1.4067E+00
   2.3986E+00   1.3983E+00
   2.3986E+00   1.3886E+00
   2.3986E+00   1.3772E+00
   2.3986E+00   1.3638E+00
   2.3986E+00   1.3479E+00
   2.3986E+00   1.3291E+00
   2.3986E+00   1.3067E+00
   2.3986E+00   1.2848E+00
   2.3986E+00   1.2693E+00
   2.3986E+00   1.2615E+00
   2.3986E+00   1.2633E+00
   2.3987E+00   1.2634E+00
   2.3987E+00   1.2637E+00
   2.3987E+00   1.2639E+00
   2.3987E+00   1.2642E+00
   2.3987E+00   1.2643E+00
   2.3987E+00   1.2644E+00
   2.3987E+00   1.2645E+00
   2.3987E+00   1.2648E+00
   2.3987E+00   1.2653E+00
   2.3987E+00   1.2661E+00
   2.3987E+00   1.2670E+00
   2.3987E+00   1.2680E+00
   2.3988E+00   1.2691E+00
   2.3988E+00   1.2701E+00
   2.3988E+00   1.2713E+00
   2.3988E+00   1.2720E+00
   2.3988E+00   1.2723E+00
   2.3988E+00   1.2728E+00
   2.3988E+00   1.2737E+00
   2.3988E+00   1.2746E+00
   2.3989E+00   1.2761E+00
   2.3989E+00   1.2773E+00
   2.3989E+00   1.2774E+00
   2.3989E+00   1.2775E+00
   2.3989E+00   1.2777E+00
   2.3989E+00   1.2780E+00
   2.3989E+00   1.2785E+00
   2.3990E+00   1.2794E+00
   2.3990E+00   1.2809E+00
   2.3990E+00   1.2824E+00
   2.3991E+00   1.2843E+00
   2.3991E+00   1.2862E+00
   2.3991E+00   1.2862E+00
   2.3991E+00   1.2863E+00
   2.3991E+00   1.2863E+00
   2.3991E+00   1.2863E+00
   2.3991E+00   1.2864E+00
   2.3991E+00   1.2865E+00
   2.3991E+00   1.2867E+00
   2.3991E+00   1.2868E+00
   2.3991E+00   1.2871E+00
   2.3991E+00   1.2875E+00
   2.3991E+00   1.2881E+00
   2.3992E+00   1.2892E+00
   2.3992E+00   1.2907E+00
   2.3993E+00   1.2924E+00
   2.3993E+00   1.2942E+00
   2.3994E+00   1.2956E+00
   2.3994E+00   1.2960E+00
   2.3994E+00   1.2961E+00
   2.3994E+00   1.2963E+00
   2.3994E+00   1.2964E+00
   2.3994E+00   1.2964E+00
   2.3994E+00   1.2964E+00
   2.3994E+00   1.2965E+00
   2.3994E+00   1.2965E+00
   2.3994E+00   1.2966E+00
   2.3994E+00   1.2968E+00
   2.3994E+00   1.2971E+00
   2.3994E+00   1.2975E+00
   2.3994E+00   1.2978E+00
   2.3994E+00   1.2983E+00
   2.3995E+00   1.2991E+00
   2.3995E+00   1.3000E+00
   2.3995E+00   1.3007E+00
   2.3995E+00   1.3012E+00
   2.3995E+00   1.3021E+00
   2.3996E+00   1.3031E+00
   2.3996E+00   1.3040E+00
   2.3996E+00   1.3048E+00
   2.3997E+00   1.3057E+00
   2.3997E+00   1.3067E+00
   2.3997E+00   1.3076E+00
   2.3997E+00   1.3085E+00
   2.3998E+00   1.3100E+00
   2.3999E+00   1.3123E+00
   2.4000E+00   1.3159E+00
   2.4003E+00   1.3213E+00
   2.4008E+00   1.3290E+00
   2.4011E+00   1.3342E+00
   2.4016E+00   1.3416E+00
   2.4019E+00   1.3457E+00
   2.4024E+00   1.3517E+00
   2.4027E+00   1.3557E+00
   2.4032E+00   1.3615E+00
   2.4035E+00   1.3654E+00
   2.4038E+00   1.3684E+00
   2.4041E+00   1.3721E+00
   2.4044E+00   1.3746E+00
   2.4048E+00   1.3786E+00
   2.4051E+00   1.3814E+00
   2.4056E+00   1.3856E+00
   2.4059E+00   1.3886E+00
   2.4065E+00   1.3932E+00
   2.4065E+00   1.3932E+00
   2.4065E+00   1.3932E+00
   2.4065E+00   1.3932E+00
   2.4065E+00   1.3933E+00
   2.4065E+00   1.3933E+00
   2.4065E+00   1.3934E+00
   2.4065E+00   1.3936E+00
   2.4066E+00   1.3938E+00
   2.4066E+00   1.3943E+00
   2.4067E+00   1.3950E+00
   2.4069E+00   1.3962E+00
   2.4071E+00   1.3981E+00
   2.4076E+00   1.4008E+00
   2.4078E+00   1.4027E+00
   2.4083E+00   1.4054E+00
   2.4087E+00   1.4072E+00
   2.4092E+00   1.4100E+00
   2.4096E+00   1.4120E+00
   2.4099E+00   1.4132E+00
   2.4103E+00   1.4150E+00
   2.4105E+00   1.4162E+00
   2.4109E+00   1.4181E+00
   2.4112E+00   1.4194E+00
   2.4117E+00   1.4214E+00
   2.4121E+00   1.4227E+00
   2.4126E+00   1.4248E+00
   2.4130E+00   1.4260E+00
   2.4132E+00   1.4267E+00
   2.4134E+00   1.4275E+00
   2.4139E+00   1.4289E+00
   2.4141E+00   1.4296E+00
   2.4145E+00   1.4307E+00
   2.4147E+00   1.4314E+00
   2.4151E+00   1.4326E+00
   2.4156E+00   1.4341E+00
   2.4160E+00   1.4352E+00
   2.4162E+00   1.4359E+00
   2.4167E+00   1.4371E+00
   2.4169E+00   1.4378E+00
   2.4174E+00   1.4390E+00
   2.4176E+00   1.4397E+00
   2.4181E+00   1.4410E+00
   2.4184E+00   1.4417E+00
   2.4189E+00   1.4430E+00
   2.4192E+00   1.4438E+00
   2.4197E+00   1.4451E+00
   2.4198E+00   1.4457E+00
   2.4198E+00   1.4461E+00
   2.4198E+00   1.4464E+00
   2.4199E+00   1.4469E+00
   2.4199E+00   1.4472E+00
   2.4200E+00   1.4477E+00
   2.4201E+00   1.4486E+00
   2.4203E+00   1.4501E+00
   2.4206E+00   1.4525E+00
   2.4211E+00   1.4561E+00
   2.4220E+00   1.4615E+00
   2.4220E+00   1.4615E+00
   2.4220E+00   1.4615E+00
   2.4220E+00   1.4615E+00
   2.4220E+00   1.4615E+00
   2.4220E+00   1.4615E+00
   2.4220E+00   1.4615E+00
   2.4221E+00   1.4615E+00
   2.4221E+00   1.4615E+00
   2.4221E+00   1.4616E+00
   2.4221E+00   1.4616E+00
   2.4221E+00   1.4617E+00
   2.4222E+00   1.4618E+00
   2.4223E+00   1.4619E+00
   2.4226E+00   1.4623E+00
   2.4230E+00   1.4629E+00
   2.4232E+00   1.4634E+00
   2.4237E+00   1.4643E+00
   2.4241E+00   1.4650E+00
   2.4244E+00   1.4655E+00
   2.4249E+00   1.4665E+00
   2.4253E+00   1.4673E+00
   2.4256E+00   1.4678E+00
   2.4261E+00   1.4689E+00
   2.4265E+00   1.4697E+00
   2.4269E+00   1.4703E+00
   2.4274E+00   1.4715E+00
   2.4278E+00   1.4724E+00
   2.4282E+00   1.4730E+00
   2.4287E+00   1.4743E+00
   2.4292E+00   1.4754E+00
   2.4299E+00   1.4774E+00
   2.4299E+00   1.4774E+00
   2.4299E+00   1.4774E+00
   2.4299E+00   1.4774E+00
   2.4299E+00   1.4774E+00
   2.4299E+00   1.4774E+00
   2.4299E+00   1.4774E+00
   2.4299E+00   1.4775E+00
   2.4299E+00   1.4775E+00
   2.4300E+00   1.4775E+00
   2.4300E+00   1.4776E+00
   2.4301E+00   1.4778E+00
   2.4302E+00   1.4781E+00
   2.4304E+00   1.4787E+00
   2.4308E+00   1.4798E+00
   2.4315E+00   1.4818E+00
   2.4315E+00   1.4818E+00
   2.4315E+00   1.4819E+00
   2.4315E+00   1.4819E+00
   2.4315E+00   1.4819E+00
   2.4315E+00   1.4819E+00
   2.4315E+00   1.4819E+00
   2.4315E+00   1.4819E+00
   2.4315E+00   1.4819E+00
   2.4316E+00   1.4820E+00
   2.4316E+00   1.4821E+00
   2.4317E+00   1.4823E+00
   2.4318E+00   1.4827E+00
   2.4320E+00   1.4833E+00
   2.4324E+00   1.4843E+00
   2.4326E+00   1.4849E+00
   2.4330E+00   1.4861E+00
   2.4333E+00   1.4868E+00
   2.4338E+00   1.4881E+00
   2.4341E+00   1.4889E+00
   2.4346E+00   1.4904E+00
   2.4349E+00   1.4913E+00
   2.4352E+00   1.4919E+00
   2.4355E+00   1.4929E+00
   2.4358E+00   1.4935E+00
   2.4362E+00   1.4946E+00
   2.4365E+00   1.4953E+00
   2.4369E+00   1.4965E+00
   2.4377E+00   1.4993E+00
   2.4377E+00   1.4993E+00
   2.4377E+00   1.4993E+00
   2.4377E+00   1.4993E+00
   2.4377E+00   1.4993E+00
   2.4377E+00   1.4993E+00
   2.4377E+00   1.4994E+00
   2.4378E+00   1.4994E+00
   2.4378E+00   1.4994E+00
   2.4378E+00   1.4995E+00
   2.4379E+00   1.4997E+00
   2.4380E+00   1.5000E+00
   2.4381E+00   1.5006E+00
   2.4384E+00   1.5017E+00
   2.4390E+00   1.5035E+00
   2.4399E+00   1.5063E+00
   2.4410E+00   1.5094E+00
   2.4429E+00   1.5138E+00
   2.4462E+00   1.5199E+00
   2.4510E+00   1.5272E+00
   2.4585E+00   1.5349E+00
   2.4660E+00   1.4434E+00
   2.4701E+00   1.4418E+00
   2.4701E+00   1.4416E+00
   2.4701E+00   1.4416E+00
   2.4701E+00   1.4416E+00
   2.4701E+00   1.4416E+00
   2.4701E+00   1.4416E+00
   2.4701E+00   1.4416E+00
   2.4701E+00   1.4416E+00
   2.4701E+00   1.4416E+00
   2.4701E+00   1.4416E+00
   2.4701E+00   1.4417E+00
   2.4701E+00   1.4417E+00
   2.4701E+00   1.4417E+00
   2.4701E+00   1.4417E+00
   2.4701E+00   1.4417E+00
   2.4701E+00   1.4417E+00
   2.4701E+00   1.4417E+00
   2.4701E+00   1.4417E+00
   2.4701E+00   1.4416E+00
   2.4701E+00   1.4416E+00
   2.4701E+00   1.4416E+00
   2.4701E+00   1.4415E+00
   2.4701E+00   1.4415E+00
   2.4701E+00   1.4415E+00
   2.4701E+00   1.4415E+00
   2.4701E+00   1.4415E+00
   2.4701E+00   1.4415E+00
   2.4701E+00   1.4415E+00
   2.4701E+00   1.4415E+00
   2.4701E+00   1.4415E+00
   2.4701E+00   1.4415E+00
   2.4701E+00   1.4415E+00
   2.4701E+00   1.4415E+00
   2.4701E+00   1.4415E+00
   2.4701E+00   1.4414E+00
   2.4701E+00   1.4414E+00
   2.4701E+00   1.4413E+00
   2.4701E+00   1.4412E+00
   2.4702E+00   1.4412E+00
   2.4702E+00   1.4411E+00
   2.4702E+00   1.4408E+00
   2.4703E+00   1.4405E+00
   2.4703E+00   1.4404E+00
   2.4703E+00   1.4402E+00
   2.4703E+00   1.4401E+00
   2.4704E+00   1.4399E+00
   2.4704E+00   1.4398E+00
   2.4704E+00   1.4396E+00
   2.4704E+00   1.4395E+00
   2.4704E+00   1.4394E+00
   2.4705E+00   1.4393E+00
   2.4705E+00   1.4392E+00
   2.4705E+00   1.4392E+00
   2.4705E+00   1.4392E+00
   2.4705E+00   1.4391E+00
   2.4705E+00   1.4391E+00
   2.4705E+00   1.4391E+00
   2.4705E+00   1.4391E+00
   2.4705E+00   1.4390E+00
   2.4705E+00   1.4390E+00
   2.4705E+00   1.4389E+00
   2.4706E+00   1.4388E+00
   2.4706E+00   1.4387E+00
   2.4706E+00   1.4385E+00
   2.4706E+00   1.4384E+00
   2.4707E+00   1.4382E+00
   2.4707E+00   1.4380E+00
   2.4708E+00   1.4379E+00
   2.4708E+00   1.4377E+00
   2.4708E+00   1.4376E+00
   2.4708E+00   1.4375E+00
   2.4709E+00   1.4373E+00
   2.4709E+00   1.4372E+00
   2.4709E+00   1.4372E+00
   2.4709E+00   1.4371E+00
   2.4709E+00   1.4371E+00
   2.4709E+00   1.4371E+00
   2.4709E+00   1.4371E+00
   2.4709E+00   1.4371E+00
   2.4709E+00   1.4371E+00
   2.4709E+00   1.4371E+00
   2.4709E+00   1.4371E+00
   2.4709E+00   1.4370E+00
   2.4710E+00   1.4370E+00
   2.4710E+00   1.4369E+00
   2.4710E+00   1.4368E+00
   2.4711E+00   1.4367E+00
   2.4711E+00   1.4365E+00
   2.4712E+00   1.4363E+00
   2.4713E+00   1.4361E+00
   2.4713E+00   1.4360E+00
   2.4713E+00   1.4359E+00
   2.4714E+00   1.4358E+00
   2.4714E+00   1.4357E+00
   2.4715E+00   1.4355E+00
   2.4716E+00   1.4354E+00
   2.4717E+00   1.4351E+00
   2.4720E+00   1.4348E+00
   2.4724E+00   1.4347E+00
   2.4732E+00   1.4348E+00
   2.4732E+00   1.4348E+00
   2.4732E+00   1.4348E+00
   2.4732E+00   1.4348E+00
   2.4732E+00   1.4348E+00
   2.4732E+00   1.4348E+00
   2.4732E+00   1.4348E+00
   2.4732E+00   1.4348E+00
   2.4732E+00   1.4348E+00
   2.4732E+00   1.4348E+00
   2.4733E+00   1.4347E+00
   2.4734E+00   1.4347E+00
   2.4735E+00   1.4346E+00
   2.4737E+00   1.4346E+00
   2.4741E+00   1.4347E+00
   2.4748E+00   1.4351E+00
   2.4748E+00   1.4351E+00
   2.4748E+00   1.4351E+00
   2.4748E+00   1.4351E+00
   2.4748E+00   1.4351E+00
   2.4748E+00   1.4351E+00
   2.4748E+00   1.4351E+00
   2.4748E+00   1.4351E+00
   2.4748E+00   1.4351E+00
   2.4748E+00   1.4351E+00
   2.4749E+00   1.4350E+00
   2.4750E+00   1.4350E+00
   2.4752E+00   1.4349E+00
   2.4756E+00   1.4347E+00
   2.4759E+00   1.4346E+00
   2.4763E+00   1.4345E+00
   2.4767E+00   1.4345E+00
   2.4771E+00   1.4344E+00
   2.4776E+00   1.4344E+00
   2.4787E+00   1.4346E+00
   2.4787E+00   1.4346E+00
   2.4787E+00   1.4346E+00
   2.4787E+00   1.4346E+00
   2.4787E+00   1.4346E+00
   2.4787E+00   1.4346E+00
   2.4787E+00   1.4346E+00
   2.4787E+00   1.4346E+00
   2.4787E+00   1.4346E+00
   2.4787E+00   1.4346E+00
   2.4787E+00   1.4346E+00
   2.4788E+00   1.4346E+00
   2.4789E+00   1.4346E+00
   2.4790E+00   1.4347E+00
   2.4793E+00   1.4349E+00
   2.4797E+00   1.4356E+00
   2.4804E+00   1.4372E+00
   2.4804E+00   1.4372E+00
   2.4804E+00   1.4372E+00
   2.4804E+00   1.4372E+00
   2.4804E+00   1.4372E+00
   2.4804E+00   1.4372E+00
   2.4804E+00   1.4372E+00
   2.4805E+00   1.4373E+00
   2.4805E+00   1.4373E+00
   2.4805E+00   1.4373E+00
   2.4805E+00   1.4374E+00
   2.4806E+00   1.4375E+00
   2.4808E+00   1.4377E+00
   2.4810E+00   1.4381E+00
   2.4814E+00   1.4389E+00
   2.4817E+00   1.4395E+00
   2.4823E+00   1.4404E+00
   2.4832E+00   1.4420E+00
   2.4832E+00   1.4420E+00
   2.4832E+00   1.4420E+00
   2.4833E+00   1.4420E+00
   2.4833E+00   1.4420E+00
   2.4833E+00   1.4420E+00
   2.4833E+00   1.4420E+00
   2.4833E+00   1.4421E+00
   2.4833E+00   1.4421E+00
   2.4833E+00   1.4422E+00
   2.4834E+00   1.4423E+00
   2.4835E+00   1.4425E+00
   2.4837E+00   1.4428E+00
   2.4840E+00   1.4434E+00
   2.4846E+00   1.4443E+00
   2.4851E+00   1.4451E+00
   2.4855E+00   1.4458E+00
   2.4859E+00   1.4463E+00
   2.4865E+00   1.4470E+00
   2.4865E+00   1.4470E+00
   2.4865E+00   1.4470E+00
   2.4865E+00   1.4470E+00
   2.4865E+00   1.4470E+00
   2.4865E+00   1.4470E+00
   2.4865E+00   1.4470E+00
   2.4865E+00   1.4471E+00
   2.4866E+00   1.4471E+00
   2.4866E+00   1.4472E+00
   2.4867E+00   1.4474E+00
   2.4869E+00   1.4476E+00
   2.4873E+00   1.4480E+00
   2.4878E+00   1.4486E+00
   2.4888E+00   1.4496E+00
   2.4888E+00   1.4496E+00
   2.4888E+00   1.4496E+00
   2.4888E+00   1.4496E+00
   2.4888E+00   1.4496E+00
   2.4889E+00   1.4496E+00
   2.4889E+00   1.4496E+00
   2.4889E+00   1.4496E+00
   2.4889E+00   1.4496E+00
   2.4889E+00   1.4496E+00
   2.4889E+00   1.4497E+00
   2.4889E+00   1.4497E+00
   2.4890E+00   1.4497E+00
   2.4892E+00   1.4496E+00
   2.4894E+00   1.4493E+00
   2.4898E+00   1.4488E+00
   2.4901E+00   1.4484E+00
   2.4906E+00   1.4480E+00
   2.4911E+00   1.4476E+00
   2.4914E+00   1.4474E+00
   2.4921E+00   1.4472E+00
   2.4921E+00   1.4472E+00
   2.4921E+00   1.4472E+00
   2.4921E+00   1.4472E+00
   2.4921E+00   1.4472E+00
   2.4921E+00   1.4472E+00
   2.4921E+00   1.4472E+00
   2.4921E+00   1.4473E+00
   2.4922E+00   1.4473E+00
   2.4922E+00   1.4474E+00
   2.4923E+00   1.4474E+00
   2.4925E+00   1.4479E+00
   2.4927E+00   1.4487E+00
   2.4932E+00   1.4501E+00
   2.4941E+00   1.4523E+00
   2.4955E+00   1.4559E+00
   2.4980E+00   1.4616E+00
   2.5022E+00   1.4700E+00
   2.5095E+00   1.4816E+00
   2.5170E+00   1.4923E+00
   2.5245E+00   1.5023E+00
   2.5320E+00   1.5115E+00
   2.5395E+00   1.4307E+00
   2.5470E+00   1.4374E+00
   2.5545E+00   1.4449E+00
   2.5620E+00   1.4529E+00
   2.5695E+00   1.4615E+00
   2.5770E+00   1.4704E+00
   2.5845E+00   1.4796E+00
   2.5920E+00   1.4888E+00
   2.5995E+00   1.5046E+00
   2.6070E+00   1.5201E+00
   2.6145E+00   1.4423E+00
   2.6190E+00   1.4485E+00
   2.6216E+00   1.4515E+00
   2.6248E+00   1.4567E+00
   2.6288E+00   1.4640E+00
   2.6358E+00   1.4771E+00
   2.6432E+00   1.4902E+00
   2.6507E+00   1.5024E+00
   2.6583E+00   1.5139E+00
   2.6658E+00   1.5249E+00
   2.6732E+00   1.5354E+00
   2.6807E+00   1.5453E+00
   2.6883E+00   1.4158E+00
   2.6957E+00   1.4301E+00
   2.7032E+00   1.4445E+00
   2.7108E+00   1.4584E+00
   2.7183E+00   1.4645E+00
   2.7257E+00   1.4704E+00
   2.7332E+00   1.4760E+00
   2.7408E+00   1.4816E+00
   2.7483E+00   1.4871E+00
   2.7557E+00   1.4924E+00
   2.7633E+00   1.3695E+00
   2.7708E+00   1.3791E+00
   2.7778E+00   1.3885E+00
   2.7853E+00   1.3992E+00
   2.7928E+00   1.4100E+00
   2.7976E+00   1.4167E+00
   2.8018E+00   1.4229E+00
   2.8054E+00   1.4283E+00
   2.8088E+00   1.4334E+00
   2.8146E+00   1.4424E+00
   2.8221E+00   1.4536E+00
   2.8296E+00   1.4642E+00
   2.8371E+00   1.3621E+00
   2.8446E+00   1.3750E+00
   2.8521E+00   1.3885E+00
   2.8596E+00   1.4023E+00
   2.8671E+00   1.4162E+00
   2.8746E+00   1.4299E+00
   2.8821E+00   1.4435E+00
   2.8896E+00   1.4567E+00
   2.8971E+00   1.4694E+00
   2.9046E+00   1.4815E+00
   2.9121E+00   1.3685E+00
   2.9194E+00   1.3801E+00
   2.9264E+00   1.3918E+00
   2.9339E+00   1.4048E+00
   2.9414E+00   1.4177E+00
   2.9489E+00   1.4305E+00
   2.9564E+00   1.4431E+00
   2.9639E+00   1.4554E+00
   2.9714E+00   1.4672E+00
   2.9789E+00   1.4847E+00
   2.9864E+00   1.3677E+00
   2.9933E+00   1.3852E+00
   2.9998E+00   1.4017E+00
   3.0073E+00   1.4196E+00
   3.0148E+00   1.4365E+00
   3.0199E+00   1.4478E+00
   3.0238E+00   1.4562E+00
   3.0268E+00   1.4625E+00
   3.0268E+00   1.4625E+00
   3.0268E+00   1.4625E+00
   3.0268E+00   1.4625E+00
   3.0268E+00   1.4625E+00
   3.0268E+00   1.4625E+00
   3.0268E+00   1.4625E+00
   3.0268E+00   1.4625E+00
   3.0268E+00   1.4624E+00
   3.0268E+00   1.4624E+00
   3.0268E+00   1.4624E+00
   3.0269E+00   1.4623E+00
   3.0269E+00   1.4623E+00
   3.0270E+00   1.4621E+00
   3.0272E+00   1.4620E+00
   3.0274E+00   1.4619E+00
   3.0279E+00   1.4619E+00
   3.0283E+00   1.4620E+00
   3.0285E+00   1.4620E+00
   3.0290E+00   1.4623E+00
   3.0293E+00   1.4624E+00
   3.0299E+00   1.4628E+00
   3.0303E+00   1.4631E+00
   3.0305E+00   1.4633E+00
   3.0310E+00   1.4638E+00
   3.0313E+00   1.4641E+00
   3.0319E+00   1.4647E+00
   3.0324E+00   1.4652E+00
   3.0327E+00   1.4655E+00
   3.0332E+00   1.4662E+00
   3.0336E+00   1.4666E+00
   3.0338E+00   1.4670E+00
   3.0343E+00   1.4676E+00
   3.0346E+00   1.4680E+00
   3.0352E+00   1.4688E+00
   3.0356E+00   1.4711E+00
   3.0359E+00   1.4726E+00
   3.0363E+00   1.4748E+00
   3.0367E+00   1.4774E+00
   3.0371E+00   1.4801E+00
   3.0374E+00   1.4815E+00
   3.0378E+00   1.4837E+00
   3.0380E+00   1.4851E+00
   3.0384E+00   1.4874E+00
   3.0390E+00   1.4901E+00
   3.0395E+00   1.4929E+00
   3.0399E+00   1.4949E+00
   3.0404E+00   1.4972E+00
   3.0406E+00   1.4986E+00
   3.0412E+00   1.5010E+00
   3.0415E+00   1.5026E+00
   3.0419E+00   1.5047E+00
   3.0422E+00   1.5061E+00
   3.0426E+00   1.5078E+00
   3.0428E+00   1.5089E+00
   3.0429E+00   1.5089E+00
   3.0431E+00   1.5088E+00
   3.0434E+00   1.5088E+00
   3.0439E+00   1.5088E+00
   3.0441E+00   1.5087E+00
   3.0445E+00   1.5088E+00
   3.0450E+00   1.5089E+00
   3.0456E+00   1.5090E+00
   3.0462E+00   1.5092E+00
   3.0464E+00   1.5093E+00
   3.0468E+00   1.5094E+00
   3.0471E+00   1.5095E+00
   3.0474E+00   1.5096E+00
   3.0477E+00   1.5097E+00
   3.0480E+00   1.5099E+00
   3.0483E+00   1.5100E+00
   3.0487E+00   1.5102E+00
   3.0489E+00   1.5103E+00
   3.0493E+00   1.5105E+00
   3.0495E+00   1.5106E+00
   3.0499E+00   1.5110E+00
   3.0503E+00   1.5114E+00
   3.0505E+00   1.5116E+00
   3.0505E+00   1.3764E+00
   3.0505E+00   1.3764E+00
   3.0505E+00   1.3764E+00
   3.0505E+00   1.3764E+00
   3.0505E+00   1.3764E+00
   3.0505E+00   1.3764E+00
   3.0505E+00   1.3764E+00
   3.0505E+00   1.3764E+00
   3.0505E+00   1.3764E+00
   3.0505E+00   1.3764E+00
   3.0505E+00   1.3764E+00
   3.0505E+00   1.3764E+00
   3.0505E+00   1.3764E+00
   3.0505E+00   1.3764E+00
   3.0505E+00   1.3764E+00
   3.0505E+00   1.3764E+00
   3.0505E+00   1.3764E+00
   3.0505E+00   1.3764E+00
   3.0505E+00   1.3764E+00
   3.0505E+00   1.3764E+00
   3.0505E+00   1.3764E+00
   3.0505E+00   1.3764E+00
   3.0505E+00   1.3764E+00
   3.0505E+00   1.3764E+00
   3.0506E+00   1.3764E+00
   3.0506E+00   1.3763E+00
   3.0506E+00   1.3763E+00
   3.0506E+00   1.3762E+00
   3.0506E+00   1.3762E+00
   3.0506E+00   1.3761E+00
   3.0506E+00   1.3760E+00
   3.0506E+00   1.3759E+00
   3.0506E+00   1.3758E+00
   3.0506E+00   1.3758E+00
   3.0506E+00   1.3757E+00
   3.0506E+00   1.3756E+00
   3.0506E+00   1.3756E+00
   3.0506E+00   1.3755E+00
   3.0506E+00   1.3755E+00
   3.0506E+00   1.3753E+00
   3.0506E+00   1.3751E+00
   3.0506E+00   1.3748E+00
   3.0507E+00   1.3743E+00
   3.0507E+00   1.3742E+00
   3.0507E+00   1.3741E+00
   3.0507E+00   1.3740E+00
   3.0507E+00   1.3738E+00
   3.0508E+00   1.3736E+00
   3.0508E+00   1.3733E+00
   3.0508E+00   1.3729E+00
   3.0508E+00   1.3726E+00
   3.0509E+00   1.3723E+00
   3.0509E+00   1.3720E+00
   3.0509E+00   1.3716E+00
   3.0510E+00   1.3712E+00
   3.0510E+00   1.3710E+00
   3.0510E+00   1.3708E+00
   3.0511E+00   1.3704E+00
   3.0511E+00   1.3701E+00
   3.0511E+00   1.3697E+00
   3.0512E+00   1.3693E+00
   3.0512E+00   1.3688E+00
   3.0513E+00   1.3683E+00
   3.0514E+00   1.3677E+00
   3.0515E+00   1.3670E+00
   3.0516E+00   1.3663E+00
   3.0517E+00   1.3654E+00
   3.0519E+00   1.3645E+00
   3.0519E+00   1.3644E+00
   3.0519E+00   1.3643E+00
   3.0519E+00   1.3642E+00
   3.0519E+00   1.3641E+00
   3.0520E+00   1.3639E+00
   3.0520E+00   1.3637E+00
   3.0520E+00   1.3635E+00
   3.0521E+00   1.3631E+00
   3.0521E+00   1.3629E+00
   3.0521E+00   1.3629E+00
   3.0521E+00   1.3629E+00
   3.0521E+00   1.3629E+00
   3.0521E+00   1.3628E+00
   3.0521E+00   1.3628E+00
   3.0521E+00   1.3628E+00
   3.0521E+00   1.3628E+00
   3.0521E+00   1.3628E+00
   3.0522E+00   1.3628E+00
   3.0522E+00   1.3628E+00
   3.0522E+00   1.3627E+00
   3.0522E+00   1.3626E+00
   3.0522E+00   1.3624E+00
   3.0522E+00   1.3624E+00
   3.0522E+00   1.3624E+00
   3.0522E+00   1.3624E+00
   3.0522E+00   1.3623E+00
   3.0523E+00   1.3623E+00
   3.0523E+00   1.3621E+00
   3.0523E+00   1.3615E+00
   3.0524E+00   1.3605E+00
   3.0525E+00   1.3599E+00
   3.0525E+00   1.3591E+00
   3.0526E+00   1.3579E+00
   3.0528E+00   1.3563E+00
   3.0529E+00   1.3556E+00
   3.0529E+00   1.3549E+00
   3.0530E+00   1.3538E+00
   3.0531E+00   1.3530E+00
   3.0533E+00   1.3517E+00
   3.0535E+00   1.3498E+00
   3.0539E+00   1.3476E+00
   3.0543E+00   1.3452E+00
   3.0545E+00   1.3440E+00
   3.0548E+00   1.3423E+00
   3.0550E+00   1.3412E+00
   3.0554E+00   1.3398E+00
   3.0556E+00   1.3389E+00
   3.0559E+00   1.3376E+00
   3.0561E+00   1.3382E+00
   3.0563E+00   1.3389E+00
   3.0566E+00   1.3398E+00
   3.0568E+00   1.3404E+00
   3.0572E+00   1.3412E+00
   3.0573E+00   1.3417E+00
   3.0577E+00   1.3425E+00
   3.0582E+00   1.3437E+00
   3.0584E+00   1.3442E+00
   3.0588E+00   1.3451E+00
   3.0594E+00   1.3463E+00
   3.0598E+00   1.3472E+00
   3.0600E+00   1.3478E+00
   3.0603E+00   1.3485E+00
   3.0605E+00   1.3490E+00
   3.0608E+00   1.3495E+00
   3.0612E+00   1.3505E+00
   3.0615E+00   1.3510E+00
   3.0618E+00   1.3517E+00
   3.0623E+00   1.3528E+00
   3.0626E+00   1.3534E+00
   3.0629E+00   1.3540E+00
   3.0635E+00   1.3550E+00
   3.0638E+00   1.3557E+00
   3.0643E+00   1.3567E+00
   3.0646E+00   1.3572E+00
   3.0647E+00   1.3575E+00
   3.0647E+00   1.3575E+00
   3.0648E+00   1.3576E+00
   3.0648E+00   1.3576E+00
   3.0648E+00   1.3577E+00
   3.0649E+00   1.3578E+00
   3.0649E+00   1.3579E+00
   3.0650E+00   1.3581E+00
   3.0652E+00   1.3585E+00
   3.0655E+00   1.3590E+00
   3.0657E+00   1.3594E+00
   3.0659E+00   1.3598E+00
   3.0662E+00   1.3603E+00
   3.0667E+00   1.3613E+00
   3.0670E+00   1.3618E+00
   3.0672E+00   1.3621E+00
   3.0673E+00   1.3623E+00
   3.0674E+00   1.3624E+00
   3.0675E+00   1.3627E+00
   3.0678E+00   1.3631E+00
   3.0682E+00   1.3639E+00
   3.0685E+00   1.3643E+00
   3.0689E+00   1.3652E+00
   3.0692E+00   1.3656E+00
   3.0695E+00   1.3663E+00
   3.0697E+00   1.3667E+00
   3.0701E+00   1.3673E+00
   3.0703E+00   1.3677E+00
   3.0706E+00   1.3685E+00
   3.0712E+00   1.3695E+00
   3.0714E+00   1.3701E+00
   3.0718E+00   1.3709E+00
   3.0720E+00   1.3713E+00
   3.0724E+00   1.3722E+00
   3.0727E+00   1.3724E+00
   3.0730E+00   1.3728E+00
   3.0735E+00   1.3734E+00
   3.0737E+00   1.3737E+00
   3.0739E+00   1.3740E+00
   3.0744E+00   1.3746E+00
   3.0746E+00   1.3749E+00
   3.0750E+00   1.3756E+00
   3.0753E+00   1.3760E+00
   3.0758E+00   1.3767E+00
   3.0760E+00   1.3772E+00
   3.0765E+00   1.3780E+00
   3.0768E+00   1.3784E+00
   3.0771E+00   1.3791E+00
   3.0777E+00   1.3801E+00
   3.0779E+00   1.3805E+00
   3.0782E+00   1.3811E+00
   3.0784E+00   1.3815E+00
   3.0787E+00   1.3821E+00
   3.0793E+00   1.3831E+00
   3.0795E+00   1.3842E+00
   3.0800E+00   1.3861E+00
   3.0802E+00   1.3870E+00
   3.0805E+00   1.3880E+00
   3.0806E+00   1.3888E+00
   3.0809E+00   1.3901E+00
   3.0815E+00   1.3927E+00
   3.0818E+00   1.3943E+00
   3.0824E+00   1.3972E+00
   3.0828E+00   1.3993E+00
   3.0830E+00   1.4003E+00
   3.0833E+00   1.4023E+00
   3.0835E+00   1.4034E+00
   3.0839E+00   1.4055E+00
   3.0842E+00   1.4068E+00
   3.0845E+00   1.4090E+00
   3.0847E+00   1.4103E+00
   3.0852E+00   1.4126E+00
   3.0854E+00   1.4141E+00
   3.0858E+00   1.4166E+00
   3.0860E+00   1.4179E+00
   3.0861E+00   1.4185E+00
   3.0863E+00   1.4195E+00
   3.0866E+00   1.4212E+00
   3.0869E+00   1.4230E+00
   3.0873E+00   1.4251E+00
   3.0873E+00   1.4252E+00
   3.0873E+00   1.4253E+00
   3.0874E+00   1.4256E+00
   3.0874E+00   1.4258E+00
   3.0875E+00   1.4262E+00
   3.0875E+00   1.4264E+00
   3.0875E+00   1.4265E+00
   3.0875E+00   1.4267E+00
   3.0875E+00   1.4267E+00
   3.0875E+00   1.4267E+00
   3.0875E+00   1.4267E+00
   3.0875E+00   1.4267E+00
   3.0876E+00   1.4267E+00
   3.0876E+00   1.4268E+00
   3.0876E+00   1.4270E+00
   3.0876E+00   1.4274E+00
   3.0876E+00   1.4275E+00
   3.0876E+00   1.4276E+00
   3.0876E+00   1.4276E+00
   3.0876E+00   1.4277E+00
   3.0876E+00   1.4278E+00
   3.0876E+00   1.4279E+00
   3.0877E+00   1.4281E+00
   3.0877E+00   1.4282E+00
   3.0877E+00   1.4283E+00
   3.0877E+00   1.4286E+00
   3.0877E+00   1.4291E+00
   3.0878E+00   1.4300E+00
   3.0879E+00   1.4312E+00
   3.0880E+00   1.4331E+00
   3.0883E+00   1.4360E+00
   3.0886E+00   1.4394E+00
   3.0886E+00   1.4395E+00
   3.0886E+00   1.4396E+00
   3.0886E+00   1.4397E+00
   3.0886E+00   1.4397E+00
   3.0886E+00   1.4398E+00
   3.0887E+00   1.4399E+00
   3.0887E+00   1.4401E+00
   3.0887E+00   1.4403E+00
   3.0888E+00   1.4407E+00
   3.0889E+00   1.4411E+00
   3.0890E+00   1.4415E+00
   3.0891E+00   1.4421E+00
   3.0891E+00   1.4422E+00
   3.0891E+00   1.4423E+00
   3.0892E+00   1.4426E+00
   3.0892E+00   1.4428E+00
   3.0892E+00   1.4429E+00
   3.0893E+00   1.4430E+00
   3.0893E+00   1.4431E+00
   3.0893E+00   1.4433E+00
   3.0894E+00   1.4436E+00
   3.0895E+00   1.4441E+00
   3.0896E+00   1.4446E+00
   3.0896E+00   1.4449E+00
   3.0897E+00   1.4451E+00
   3.0897E+00   1.4451E+00
   3.0897E+00   1.4452E+00
   3.0897E+00   1.4453E+00
   3.0898E+00   1.4454E+00
   3.0898E+00   1.4454E+00
   3.0898E+00   1.4456E+00
   3.0899E+00   1.4458E+00
   3.0900E+00   1.4462E+00
   3.0901E+00   1.4468E+00
   3.0902E+00   1.4471E+00
   3.0902E+00   1.4473E+00
   3.0903E+00   1.4476E+00
   3.0904E+00   1.4479E+00
   3.0905E+00   1.4482E+00
   3.0905E+00   1.4485E+00
   3.0906E+00   1.4489E+00
   3.0907E+00   1.4493E+00
   3.0909E+00   1.4498E+00
   3.0911E+00   1.4516E+00
   3.0916E+00   1.4542E+00
   3.0924E+00   1.4579E+00
   3.0924E+00   1.4579E+00
   3.0924E+00   1.4579E+00
   3.0924E+00   1.4579E+00
   3.0924E+00   1.4579E+00
   3.0924E+00   1.4579E+00
   3.0924E+00   1.4579E+00
   3.0924E+00   1.4580E+00
   3.0924E+00   1.4580E+00
   3.0924E+00   1.4581E+00
   3.0925E+00   1.4582E+00
   3.0926E+00   1.4585E+00
   3.0927E+00   1.4592E+00
   3.0929E+00   1.4604E+00
   3.0933E+00   1.4623E+00
   3.0940E+00   1.4651E+00
   3.0940E+00   1.4652E+00
   3.0940E+00   1.4652E+00
   3.0940E+00   1.4652E+00
   3.0940E+00   1.4652E+00
   3.0940E+00   1.4652E+00
   3.0940E+00   1.4652E+00
   3.0940E+00   1.4652E+00
   3.0940E+00   1.4653E+00
   3.0941E+00   1.4654E+00
   3.0942E+00   1.4655E+00
   3.0943E+00   1.4658E+00
   3.0945E+00   1.4661E+00
   3.0948E+00   1.4666E+00
   3.0952E+00   1.4672E+00
   3.0954E+00   1.4676E+00
   3.0958E+00   1.4683E+00
   3.0960E+00   1.4687E+00
   3.0964E+00   1.4693E+00
   3.0966E+00   1.4697E+00
   3.0970E+00   1.4704E+00
   3.0975E+00   1.4712E+00
   3.0977E+00   1.4716E+00
   3.0981E+00   1.4722E+00
   3.0984E+00   1.4726E+00
   3.0988E+00   1.4732E+00
   3.0990E+00   1.4736E+00
   3.0994E+00   1.4742E+00
   3.0996E+00   1.4747E+00
   3.1000E+00   1.4753E+00
   3.1001E+00   1.4757E+00
   3.1004E+00   1.4762E+00
   3.1010E+00   1.4772E+00
   3.1013E+00   1.4780E+00
   3.1016E+00   1.4786E+00
   3.1021E+00   1.4796E+00
   3.1025E+00   1.4803E+00
   3.1028E+00   1.4809E+00
   3.1033E+00   1.4819E+00
   3.1037E+00   1.4827E+00
   3.1041E+00   1.4833E+00
   3.1046E+00   1.4844E+00
   3.1051E+00   1.4852E+00
   3.1054E+00   1.4859E+00
   3.1058E+00   1.4864E+00
   3.1063E+00   1.4874E+00
   3.1067E+00   1.4882E+00
   3.1070E+00   1.4888E+00
   3.1073E+00   1.4893E+00
   3.1079E+00   1.4901E+00
   3.1082E+00   1.4907E+00
   3.1085E+00   1.4912E+00
   3.1089E+00   1.4919E+00
   3.1093E+00   1.4923E+00
   3.1098E+00   1.4932E+00
   3.1102E+00   1.4937E+00
   3.1105E+00   1.4941E+00
   3.1109E+00   1.4948E+00
   3.1112E+00   1.4952E+00
   3.1118E+00   1.4960E+00
   3.1122E+00   1.4965E+00
   3.1124E+00   1.4969E+00
   3.1129E+00   1.4975E+00
   3.1132E+00   1.4979E+00
   3.1137E+00   1.4986E+00
   3.1141E+00   1.4991E+00
   3.1143E+00   1.4994E+00
   3.1148E+00   1.5000E+00
   3.1155E+00   1.5007E+00
   3.1164E+00   1.5015E+00
   3.1179E+00   1.5026E+00
   3.1205E+00   1.5037E+00
   3.1250E+00   1.5047E+00
   3.1325E+00   1.3569E+00
   3.1400E+00   1.3629E+00
   3.1475E+00   1.3711E+00
   3.1550E+00   1.3819E+00
   3.1610E+00   1.3919E+00
   3.1685E+00   1.4064E+00
   3.1760E+00   1.4220E+00
   3.1835E+00   1.4375E+00
   3.1910E+00   1.4533E+00
   3.1985E+00   1.4690E+00
   3.2060E+00   1.4008E+00
   3.2135E+00   1.4019E+00
   3.2204E+00   1.4052E+00
   3.2279E+00   1.5310E+00
   3.2354E+00   1.6304E+00
   3.2429E+00   1.7115E+00
   3.2475E+00   1.7574E+00
   3.2502E+00   1.7847E+00
   3.2522E+00   1.8216E+00
   3.2556E+00   1.8730E+00
   3.2616E+00   1.9692E+00
   3.2691E+00   2.0893E+00
   3.2766E+00   2.2078E+00
   3.2841E+00   1.8812E+00
   3.2916E+00   2.0383E+00
   3.2991E+00   2.1848E+00
   3.3066E+00   2.3208E+00
   3.3141E+00   2.4420E+00
   3.3216E+00   2.5542E+00
   3.3291E+00   2.6614E+00
   3.3366E+00   2.7633E+00
   3.3441E+00   2.8590E+00
   3.3516E+00   2.9867E+00
   3.3591E+00   2.4309E+00
   3.3666E+00   2.5970E+00
   3.3741E+00   2.7482E+00
   3.3816E+00   2.8863E+00
   3.3891E+00   3.0112E+00
   3.3966E+00   3.1210E+00
   3.4041E+00   3.2200E+00
   3.4116E+00   3.3112E+00
   3.4191E+00   3.4002E+00
   3.4266E+00   3.4869E+00
   3.4341E+00   2.7521E+00
   3.4416E+00   2.8982E+00
   3.4491E+00   3.0333E+00
   3.4566E+00   3.1591E+00
   3.4641E+00   3.2729E+00
   3.4716E+00   3.3760E+00
   3.4791E+00   3.4676E+00
   3.4866E+00   3.5826E+00
   3.4941E+00   3.6889E+00
   3.5016E+00   3.7884E+00
   3.5091E+00   3.8806E+00
   3.5166E+00   3.9636E+00
   3.5241E+00   4.0365E+00
   3.5261E+00   4.0608E+00
   3.5274E+00   4.0770E+00
   3.5274E+00   4.0770E+00
   3.5274E+00   4.0770E+00
   3.5274E+00   4.0770E+00
   3.5274E+00   4.0770E+00
   3.5274E+00   4.0770E+00
   3.5274E+00   4.0770E+00
   3.5274E+00   4.0770E+00
   3.5274E+00   4.0770E+00
   3.5274E+00   4.0769E+00
   3.5274E+00   4.0769E+00
   3.5274E+00   4.0769E+00
   3.5274E+00   4.0769E+00
   3.5274E+00   4.0770E+00
   3.5274E+00   4.0770E+00
   3.5274E+00   4.0770E+00
   3.5274E+00   4.0771E+00
   3.5274E+00   4.0771E+00
   3.5274E+00   4.0773E+00
   3.5274E+00   4.0774E+00
   3.5274E+00   4.0776E+00
   3.5274E+00   4.0779E+00
   3.5274E+00   4.0780E+00
   3.5274E+00   4.0782E+00
   3.5274E+00   4.0782E+00
   3.5274E+00   4.0782E+00
   3.5274E+00   4.0782E+00
