# Trace from filein = ./62270n01                                                                                                                   
#   time        PRAD                                                                                                                         
   2.0000E+00  -2.6513E-01
   2.0000E+00  -2.6609E-01
   2.0000E+00  -2.6672E-01
   2.0001E+00  -2.6726E-01
   2.0001E+00  -2.6777E-01
   2.0001E+00  -2.6826E-01
   2.0001E+00  -2.6877E-01
   2.0001E+00  -2.6930E-01
   2.0001E+00  -2.6985E-01
   2.0001E+00  -2.7038E-01
   2.0001E+00  -2.7092E-01
   2.0002E+00  -2.7147E-01
   2.0002E+00  -2.7201E-01
   2.0002E+00  -2.7256E-01
   2.0002E+00  -2.7311E-01
   2.0002E+00  -2.7367E-01
   2.0002E+00  -2.7424E-01
   2.0003E+00  -2.7484E-01
   2.0003E+00  -2.7549E-01
   2.0003E+00  -2.7623E-01
   2.0003E+00  -2.7038E-01
   2.0004E+00  -2.7153E-01
   2.0004E+00  -2.4281E-01
   2.0005E+00  -2.0774E-01
   2.0006E+00  -1.8152E-01
   2.0006E+00  -1.6580E-01
   2.0006E+00  -1.6090E-01
   2.0007E+00  -1.6115E-01
   2.0007E+00  -1.6340E-01
   2.0008E+00  -1.6514E-01
   2.0008E+00  -1.6596E-01
   2.0009E+00  -1.6597E-01
   2.0009E+00  -1.6550E-01
   2.0010E+00  -1.6483E-01
   2.0011E+00  -1.6413E-01
   2.0012E+00  -1.6347E-01
   2.0013E+00  -1.6288E-01
   2.0014E+00  -1.6231E-01
   2.0015E+00  -1.6175E-01
   2.0016E+00  -1.6115E-01
   2.0017E+00  -1.6019E-01
   2.0019E+00  -1.6008E-01
   2.0021E+00  -1.5976E-01
   2.0024E+00  -1.5921E-01
   2.0027E+00  -1.5840E-01
   2.0032E+00  -1.5736E-01
   2.0036E+00  -1.5610E-01
   2.0040E+00  -1.5478E-01
   2.0043E+00  -1.5383E-01
   2.0045E+00  -1.5302E-01
   2.0046E+00  -1.5241E-01
   2.0047E+00  -1.5212E-01
   2.0048E+00  -1.5217E-01
   2.0049E+00  -1.5233E-01
   2.0051E+00  -1.5238E-01
   2.0054E+00  -1.5230E-01
   2.0058E+00  -1.5206E-01
   2.0063E+00  -1.5162E-01
   2.0069E+00  -1.5095E-01
   2.0069E+00  -1.4968E-01
   2.0069E+00  -1.4366E-01
   2.0070E+00  -1.4366E-01
   2.0070E+00  -1.4366E-01
   2.0070E+00  -1.4366E-01
   2.0070E+00  -1.4366E-01
   2.0070E+00  -1.4366E-01
   2.0070E+00  -1.4367E-01
   2.0070E+00  -1.4367E-01
   2.0070E+00  -1.4367E-01
   2.0070E+00  -1.4367E-01
   2.0070E+00  -1.4366E-01
   2.0070E+00  -1.4365E-01
   2.0070E+00  -1.4364E-01
   2.0070E+00  -1.4363E-01
   2.0070E+00  -1.4556E-01
   2.0070E+00  -1.4770E-01
   2.0071E+00  -1.4881E-01
   2.0071E+00  -1.4936E-01
   2.0072E+00  -1.4943E-01
   2.0074E+00  -1.4948E-01
   2.0077E+00  -1.4937E-01
   2.0082E+00  -1.4927E-01
   2.0086E+00  -1.4844E-01
   2.0088E+00  -1.4761E-01
   2.0092E+00  -1.4769E-01
   2.0098E+00  -1.4782E-01
   2.0098E+00  -1.4681E-01
   2.0098E+00  -1.4187E-01
   2.0098E+00  -1.4187E-01
   2.0098E+00  -1.4187E-01
   2.0098E+00  -1.4187E-01
   2.0098E+00  -1.4187E-01
   2.0098E+00  -1.4186E-01
   2.0098E+00  -1.4186E-01
   2.0099E+00  -1.4388E-01
   2.0099E+00  -1.4581E-01
   2.0100E+00  -1.4678E-01
   2.0102E+00  -1.4720E-01
   2.0102E+00  -1.5206E-01
   2.0102E+00  -2.5458E-01
   2.0102E+00  -2.5459E-01
   2.0102E+00  -2.5460E-01
   2.0102E+00  -2.5462E-01
   2.0102E+00  -2.5463E-01
   2.0102E+00  -2.5464E-01
   2.0102E+00  -2.5466E-01
   2.0102E+00  -2.5468E-01
   2.0102E+00  -2.5470E-01
   2.0102E+00  -2.5473E-01
   2.0102E+00  -2.5475E-01
   2.0102E+00  -2.5478E-01
   2.0102E+00  -2.5482E-01
   2.0102E+00  -2.5487E-01
   2.0102E+00  -2.6459E-01
   2.0102E+00  -2.6466E-01
   2.0102E+00  -2.6474E-01
   2.0102E+00  -2.6484E-01
   2.0102E+00  -2.6495E-01
   2.0102E+00  -2.6509E-01
   2.0102E+00  -2.6526E-01
   2.0102E+00  -2.6546E-01
   2.0102E+00  -2.5845E-01
   2.0102E+00  -2.1260E-01
   2.0102E+00  -1.7468E-01
   2.0102E+00  -1.5559E-01
   2.0102E+00  -1.4239E-01
   2.0102E+00  -1.4239E-01
   2.0102E+00  -1.4239E-01
   2.0102E+00  -1.4240E-01
   2.0102E+00  -1.4239E-01
   2.0102E+00  -1.4240E-01
   2.0102E+00  -1.4239E-01
   2.0102E+00  -1.4239E-01
   2.0102E+00  -1.4239E-01
   2.0102E+00  -1.4239E-01
   2.0102E+00  -1.4237E-01
   2.0102E+00  -1.4237E-01
   2.0102E+00  -1.4236E-01
   2.0102E+00  -1.4237E-01
   2.0102E+00  -1.4234E-01
   2.0102E+00  -1.4234E-01
   2.0103E+00  -1.4629E-01
   2.0103E+00  -1.4790E-01
   2.0103E+00  -1.5149E-01
   2.0103E+00  -1.5020E-01
   2.0103E+00  -1.4232E-01
   2.0103E+00  -1.4654E-01
   2.0103E+00  -1.4869E-01
   2.0103E+00  -1.4939E-01
   2.0103E+00  -1.4931E-01
   2.0104E+00  -1.4905E-01
   2.0104E+00  -1.4853E-01
   2.0104E+00  -1.4838E-01
   2.0105E+00  -1.4813E-01
   2.0105E+00  -1.4801E-01
   2.0105E+00  -1.4779E-01
   2.0106E+00  -1.4770E-01
   2.0106E+00  -1.4764E-01
   2.0107E+00  -1.4753E-01
   2.0107E+00  -1.4744E-01
   2.0107E+00  -1.4728E-01
   2.0107E+00  -1.4198E-01
   2.0107E+00  -1.4198E-01
   2.0107E+00  -1.4198E-01
   2.0107E+00  -1.4198E-01
   2.0107E+00  -1.4198E-01
   2.0107E+00  -1.4198E-01
   2.0107E+00  -1.4198E-01
   2.0107E+00  -1.4198E-01
   2.0107E+00  -1.4453E-01
   2.0107E+00  -1.4596E-01
   2.0107E+00  -1.4197E-01
   2.0107E+00  -1.4305E-01
   2.0108E+00  -1.4533E-01
   2.0108E+00  -1.4684E-01
   2.0108E+00  -1.4753E-01
   2.0108E+00  -1.4772E-01
   2.0108E+00  -1.4766E-01
   2.0109E+00  -1.4745E-01
   2.0109E+00  -1.4704E-01
   2.0109E+00  -1.4619E-01
   2.0109E+00  -1.4561E-01
   2.0109E+00  -1.4387E-01
   2.0109E+00  -1.4312E-01
   2.0109E+00  -1.4470E-01
   2.0109E+00  -1.4613E-01
   2.0109E+00  -1.4691E-01
   2.0109E+00  -1.4722E-01
   2.0109E+00  -1.4730E-01
   2.0109E+00  -1.4734E-01
   2.0110E+00  -1.4729E-01
   2.0110E+00  -1.4717E-01
   2.0110E+00  -1.4701E-01
   2.0111E+00  -1.4681E-01
   2.0111E+00  -1.4635E-01
   2.0111E+00  -1.4647E-01
   2.0111E+00  -1.4651E-01
   2.0111E+00  -1.4530E-01
   2.0111E+00  -1.4505E-01
   2.0112E+00  -1.4574E-01
   2.0112E+00  -1.4626E-01
   2.0112E+00  -1.4666E-01
   2.0112E+00  -1.4678E-01
   2.0113E+00  -1.4692E-01
   2.0113E+00  -1.4679E-01
   2.0114E+00  -1.4673E-01
   2.0114E+00  -1.4660E-01
   2.0115E+00  -1.4671E-01
   2.0117E+00  -1.4673E-01
   2.0121E+00  -1.4681E-01
   2.0126E+00  -1.4684E-01
   2.0126E+00  -1.4605E-01
   2.0126E+00  -1.4106E-01
   2.0126E+00  -1.4105E-01
   2.0126E+00  -1.4105E-01
   2.0126E+00  -1.4105E-01
   2.0127E+00  -1.4105E-01
   2.0127E+00  -1.4196E-01
   2.0127E+00  -1.4393E-01
   2.0127E+00  -1.4537E-01
   2.0128E+00  -1.4597E-01
   2.0129E+00  -1.4624E-01
   2.0131E+00  -1.4622E-01
   2.0135E+00  -1.4623E-01
   2.0142E+00  -1.4616E-01
   2.0142E+00  -1.4527E-01
   2.0142E+00  -1.4050E-01
   2.0142E+00  -1.4050E-01
   2.0142E+00  -1.4050E-01
   2.0142E+00  -1.4050E-01
   2.0142E+00  -1.4049E-01
   2.0142E+00  -1.4049E-01
   2.0142E+00  -1.4070E-01
   2.0142E+00  -1.4285E-01
   2.0143E+00  -1.4438E-01
   2.0144E+00  -1.4522E-01
   2.0146E+00  -1.4544E-01
   2.0148E+00  -1.4552E-01
   2.0154E+00  -1.4547E-01
   2.0162E+00  -1.4547E-01
   2.0178E+00  -1.4546E-01
   2.0204E+00  -1.4551E-01
   2.0249E+00  -1.4559E-01
   2.0324E+00  -1.4556E-01
   2.0399E+00  -1.4426E-01
   2.0474E+00  -1.4321E-01
   2.0549E+00  -1.4231E-01
   2.0624E+00  -1.4153E-01
   2.0699E+00  -1.4087E-01
   2.0774E+00  -1.4029E-01
   2.0849E+00  -1.3980E-01
   2.0924E+00  -1.3951E-01
   2.0999E+00  -1.3921E-01
   2.1074E+00  -1.3884E-01
   2.1149E+00  -1.3840E-01
   2.1224E+00  -1.3789E-01
   2.1299E+00  -1.3736E-01
   2.1374E+00  -1.3681E-01
   2.1449E+00  -1.3630E-01
   2.1524E+00  -1.3581E-01
   2.1599E+00  -1.3538E-01
   2.1674E+00  -1.3529E-01
   2.1749E+00  -1.3516E-01
   2.1824E+00  -1.3499E-01
   2.1899E+00  -1.3476E-01
   2.1974E+00  -1.3443E-01
   2.2049E+00  -1.3406E-01
   2.2124E+00  -1.3366E-01
   2.2199E+00  -1.3327E-01
   2.2274E+00  -1.3289E-01
   2.2349E+00  -1.3300E-01
   2.2423E+00  -1.3325E-01
   2.2496E+00  -1.3344E-01
   2.2571E+00  -1.3356E-01
   2.2646E+00  -1.3355E-01
   2.2721E+00  -1.3344E-01
   2.2796E+00  -1.3325E-01
   2.2871E+00  -1.3303E-01
   2.2946E+00  -1.3282E-01
   2.3021E+00  -1.3263E-01
   2.3096E+00  -1.3249E-01
   2.3171E+00  -1.3273E-01
   2.3246E+00  -1.3292E-01
   2.3321E+00  -1.3305E-01
   2.3396E+00  -1.3307E-01
   2.3471E+00  -1.3298E-01
   2.3546E+00  -1.3283E-01
   2.3621E+00  -1.3263E-01
   2.3696E+00  -1.3217E-01
   2.3738E+00  -1.3195E-01
   2.3738E+00  -1.3180E-01
   2.3738E+00  -1.2896E-01
   2.3738E+00  -1.2896E-01
   2.3738E+00  -1.2896E-01
   2.3738E+00  -1.2896E-01
   2.3738E+00  -1.2896E-01
   2.3738E+00  -1.2896E-01
   2.3738E+00  -1.2895E-01
   2.3739E+00  -1.2895E-01
   2.3739E+00  -1.2893E-01
   2.3740E+00  -1.2891E-01
   2.3742E+00  -1.2900E-01
   2.3744E+00  -1.3015E-01
   2.3749E+00  -1.3110E-01
   2.3757E+00  -1.3155E-01
   2.3770E+00  -1.3170E-01
   2.3794E+00  -1.3166E-01
   2.3833E+00  -1.3154E-01
   2.3901E+00  -1.3121E-01
   2.3956E+00  -1.3135E-01
   2.3985E+00  -1.3201E-01
   2.3985E+00  -1.3299E-01
   2.3985E+00  -2.1833E-01
   2.3985E+00  -2.1835E-01
   2.3985E+00  -2.1836E-01
   2.3985E+00  -2.1838E-01
   2.3985E+00  -2.1840E-01
   2.3985E+00  -2.1840E-01
   2.3985E+00  -2.1841E-01
   2.3985E+00  -2.1841E-01
   2.3986E+00  -2.1842E-01
   2.3986E+00  -2.1847E-01
   2.3986E+00  -2.1848E-01
   2.3986E+00  -2.1851E-01
   2.3986E+00  -2.1854E-01
   2.3986E+00  -2.1858E-01
   2.3986E+00  -2.1863E-01
   2.3986E+00  -2.1869E-01
   2.3986E+00  -2.2765E-01
   2.3986E+00  -2.2774E-01
   2.3986E+00  -2.2783E-01
   2.3986E+00  -2.2794E-01
   2.3986E+00  -2.2806E-01
   2.3986E+00  -2.2821E-01
   2.3986E+00  -2.2839E-01
   2.3986E+00  -2.2860E-01
   2.3986E+00  -2.2886E-01
   2.3986E+00  -2.0972E-01
   2.3986E+00  -1.6927E-01
   2.3986E+00  -1.4194E-01
   2.3986E+00  -1.2858E-01
   2.3987E+00  -1.2857E-01
   2.3987E+00  -1.2857E-01
   2.3987E+00  -1.2857E-01
   2.3987E+00  -1.2856E-01
   2.3987E+00  -1.2856E-01
   2.3987E+00  -1.2856E-01
   2.3987E+00  -1.2856E-01
   2.3987E+00  -1.2856E-01
   2.3987E+00  -1.2855E-01
   2.3987E+00  -1.2855E-01
   2.3987E+00  -1.2855E-01
   2.3987E+00  -1.2854E-01
   2.3988E+00  -1.2853E-01
   2.3988E+00  -1.2852E-01
   2.3988E+00  -1.2852E-01
   2.3988E+00  -1.3001E-01
   2.3988E+00  -1.3083E-01
   2.3988E+00  -1.3122E-01
   2.3988E+00  -1.3166E-01
   2.3988E+00  -1.3261E-01
   2.3989E+00  -1.3241E-01
   2.3989E+00  -1.3250E-01
   2.3989E+00  -1.3222E-01
   2.3989E+00  -1.2850E-01
   2.3989E+00  -1.2850E-01
   2.3989E+00  -1.3019E-01
   2.3989E+00  -1.3162E-01
   2.3990E+00  -1.3234E-01
   2.3990E+00  -1.3254E-01
   2.3990E+00  -1.3245E-01
   2.3991E+00  -1.3226E-01
   2.3991E+00  -1.3209E-01
   2.3991E+00  -1.3196E-01
   2.3991E+00  -1.2850E-01
   2.3991E+00  -1.2850E-01
   2.3991E+00  -1.2850E-01
   2.3991E+00  -1.2850E-01
   2.3991E+00  -1.2895E-01
   2.3991E+00  -1.3014E-01
   2.3991E+00  -1.2850E-01
   2.3991E+00  -1.2898E-01
   2.3991E+00  -1.3057E-01
   2.3991E+00  -1.3168E-01
   2.3992E+00  -1.3216E-01
   2.3992E+00  -1.3224E-01
   2.3993E+00  -1.3213E-01
   2.3993E+00  -1.3195E-01
   2.3994E+00  -1.3169E-01
   2.3994E+00  -1.3122E-01
   2.3994E+00  -1.2999E-01
   2.3994E+00  -1.2849E-01
   2.3994E+00  -1.2849E-01
   2.3994E+00  -1.2849E-01
   2.3994E+00  -1.2849E-01
   2.3994E+00  -1.2849E-01
   2.3994E+00  -1.2849E-01
   2.3994E+00  -1.2930E-01
   2.3994E+00  -1.3058E-01
   2.3994E+00  -1.3134E-01
   2.3994E+00  -1.3167E-01
   2.3994E+00  -1.3176E-01
   2.3994E+00  -1.3224E-01
   2.3995E+00  -1.3191E-01
   2.3995E+00  -1.3226E-01
   2.3995E+00  -1.3183E-01
   2.3995E+00  -1.3226E-01
   2.3995E+00  -1.3157E-01
   2.3996E+00  -1.3149E-01
   2.3996E+00  -1.3137E-01
   2.3996E+00  -1.3145E-01
   2.3997E+00  -1.3143E-01
   2.3997E+00  -1.3155E-01
   2.3997E+00  -1.3153E-01
   2.3997E+00  -1.3159E-01
   2.3998E+00  -1.3153E-01
   2.3999E+00  -1.3166E-01
   2.4000E+00  -1.3169E-01
   2.4003E+00  -1.3136E-01
   2.4008E+00  -1.3167E-01
   2.4011E+00  -1.3184E-01
   2.4016E+00  -1.3192E-01
   2.4019E+00  -1.3193E-01
   2.4024E+00  -1.3189E-01
   2.4027E+00  -1.3188E-01
   2.4032E+00  -1.3180E-01
   2.4035E+00  -1.3179E-01
   2.4038E+00  -1.3172E-01
   2.4041E+00  -1.3166E-01
   2.4044E+00  -1.3165E-01
   2.4048E+00  -1.3164E-01
   2.4051E+00  -1.3164E-01
   2.4056E+00  -1.3164E-01
   2.4059E+00  -1.3163E-01
   2.4065E+00  -1.3163E-01
   2.4065E+00  -1.3152E-01
   2.4065E+00  -1.2831E-01
   2.4065E+00  -1.2831E-01
   2.4065E+00  -1.2831E-01
   2.4065E+00  -1.2831E-01
   2.4065E+00  -1.2830E-01
   2.4065E+00  -1.2880E-01
   2.4066E+00  -1.3011E-01
   2.4066E+00  -1.3103E-01
   2.4067E+00  -1.3156E-01
   2.4069E+00  -1.3171E-01
   2.4071E+00  -1.3177E-01
   2.4076E+00  -1.3171E-01
   2.4078E+00  -1.3170E-01
   2.4083E+00  -1.3166E-01
   2.4087E+00  -1.3166E-01
   2.4092E+00  -1.3163E-01
   2.4096E+00  -1.3164E-01
   2.4099E+00  -1.3165E-01
   2.4103E+00  -1.3164E-01
   2.4105E+00  -1.3161E-01
   2.4109E+00  -1.3161E-01
   2.4112E+00  -1.3159E-01
   2.4117E+00  -1.3160E-01
   2.4121E+00  -1.3157E-01
   2.4126E+00  -1.3158E-01
   2.4130E+00  -1.3149E-01
   2.4132E+00  -1.3155E-01
   2.4134E+00  -1.3154E-01
   2.4139E+00  -1.3157E-01
   2.4141E+00  -1.3155E-01
   2.4145E+00  -1.3155E-01
   2.4147E+00  -1.3153E-01
   2.4151E+00  -1.3152E-01
   2.4156E+00  -1.3149E-01
   2.4160E+00  -1.3148E-01
   2.4162E+00  -1.3145E-01
   2.4167E+00  -1.3145E-01
   2.4169E+00  -1.3143E-01
   2.4174E+00  -1.3144E-01
   2.4176E+00  -1.3143E-01
   2.4181E+00  -1.3144E-01
   2.4184E+00  -1.3143E-01
   2.4189E+00  -1.3143E-01
   2.4192E+00  -1.3141E-01
   2.4197E+00  -1.3142E-01
   2.4198E+00  -1.3158E-01
   2.4198E+00  -1.3126E-01
   2.4198E+00  -1.3102E-01
   2.4199E+00  -1.3093E-01
   2.4199E+00  -1.3084E-01
   2.4200E+00  -1.3107E-01
   2.4201E+00  -1.3121E-01
   2.4203E+00  -1.3135E-01
   2.4206E+00  -1.3135E-01
   2.4211E+00  -1.3137E-01
   2.4220E+00  -1.3133E-01
   2.4220E+00  -1.3126E-01
   2.4220E+00  -1.2799E-01
   2.4220E+00  -1.2799E-01
   2.4220E+00  -1.2799E-01
   2.4220E+00  -1.2799E-01
   2.4220E+00  -1.2799E-01
   2.4221E+00  -1.2799E-01
   2.4221E+00  -1.2799E-01
   2.4221E+00  -1.2886E-01
   2.4221E+00  -1.3006E-01
   2.4221E+00  -1.3084E-01
   2.4222E+00  -1.3126E-01
   2.4223E+00  -1.3135E-01
   2.4226E+00  -1.3139E-01
   2.4230E+00  -1.3133E-01
   2.4232E+00  -1.3133E-01
   2.4237E+00  -1.3128E-01
   2.4241E+00  -1.3128E-01
   2.4244E+00  -1.3124E-01
   2.4249E+00  -1.3124E-01
   2.4253E+00  -1.3122E-01
   2.4256E+00  -1.3122E-01
   2.4261E+00  -1.3118E-01
   2.4265E+00  -1.3120E-01
   2.4269E+00  -1.3117E-01
   2.4274E+00  -1.3117E-01
   2.4278E+00  -1.3115E-01
   2.4282E+00  -1.3116E-01
   2.4287E+00  -1.3112E-01
   2.4292E+00  -1.3134E-01
   2.4299E+00  -1.3113E-01
   2.4299E+00  -1.3089E-01
   2.4299E+00  -1.2786E-01
   2.4299E+00  -1.2786E-01
   2.4299E+00  -1.2785E-01
   2.4299E+00  -1.2785E-01
   2.4299E+00  -1.2785E-01
   2.4299E+00  -1.2785E-01
   2.4299E+00  -1.2785E-01
   2.4300E+00  -1.2784E-01
   2.4300E+00  -1.2894E-01
   2.4301E+00  -1.3015E-01
   2.4302E+00  -1.3078E-01
   2.4304E+00  -1.3106E-01
   2.4308E+00  -1.3108E-01
   2.4315E+00  -1.3108E-01
   2.4315E+00  -1.3096E-01
   2.4315E+00  -1.2780E-01
   2.4315E+00  -1.2780E-01
   2.4315E+00  -1.2780E-01
   2.4315E+00  -1.2780E-01
   2.4315E+00  -1.2780E-01
   2.4315E+00  -1.2780E-01
   2.4315E+00  -1.2851E-01
   2.4316E+00  -1.2971E-01
   2.4316E+00  -1.3051E-01
   2.4317E+00  -1.3098E-01
   2.4318E+00  -1.3110E-01
   2.4320E+00  -1.3116E-01
   2.4324E+00  -1.3112E-01
   2.4326E+00  -1.3112E-01
   2.4330E+00  -1.3109E-01
   2.4333E+00  -1.3111E-01
   2.4338E+00  -1.3109E-01
   2.4341E+00  -1.3111E-01
   2.4346E+00  -1.3110E-01
   2.4349E+00  -1.3112E-01
   2.4352E+00  -1.3111E-01
   2.4355E+00  -1.3115E-01
   2.4358E+00  -1.3112E-01
   2.4362E+00  -1.3115E-01
   2.4365E+00  -1.3111E-01
   2.4369E+00  -1.3113E-01
   2.4377E+00  -1.3151E-01
   2.4377E+00  -1.3096E-01
   2.4377E+00  -1.2775E-01
   2.4377E+00  -1.2775E-01
   2.4377E+00  -1.2775E-01
   2.4377E+00  -1.2775E-01
   2.4377E+00  -1.2774E-01
   2.4378E+00  -1.2774E-01
   2.4378E+00  -1.2774E-01
   2.4378E+00  -1.2773E-01
   2.4379E+00  -1.2824E-01
   2.4380E+00  -1.2960E-01
   2.4381E+00  -1.3045E-01
   2.4384E+00  -1.3087E-01
   2.4390E+00  -1.3093E-01
   2.4399E+00  -1.3093E-01
   2.4410E+00  -1.3084E-01
   2.4429E+00  -1.3081E-01
   2.4462E+00  -1.3076E-01
   2.4510E+00  -1.3071E-01
   2.4585E+00  -1.3038E-01
   2.4660E+00  -1.3077E-01
   2.4701E+00  -1.3160E-01
   2.4701E+00  -1.3264E-01
   2.4701E+00  -2.2816E-01
   2.4701E+00  -2.2818E-01
   2.4701E+00  -2.2819E-01
   2.4701E+00  -2.2821E-01
   2.4701E+00  -2.2822E-01
   2.4701E+00  -2.2824E-01
   2.4701E+00  -2.2827E-01
   2.4701E+00  -2.2829E-01
   2.4701E+00  -2.2833E-01
   2.4701E+00  -2.2836E-01
   2.4701E+00  -2.2841E-01
   2.4701E+00  -2.2847E-01
   2.4701E+00  -2.2853E-01
   2.4701E+00  -2.2856E-01
   2.4701E+00  -2.2860E-01
   2.4701E+00  -2.3032E-01
   2.4701E+00  -2.3041E-01
   2.4701E+00  -2.3054E-01
   2.4701E+00  -2.3069E-01
   2.4701E+00  -2.3076E-01
   2.4701E+00  -2.3088E-01
   2.4701E+00  -2.3088E-01
   2.4701E+00  -2.3089E-01
   2.4701E+00  -2.3089E-01
   2.4701E+00  -2.3090E-01
   2.4701E+00  -2.3090E-01
   2.4701E+00  -2.3092E-01
   2.4701E+00  -2.3093E-01
   2.4701E+00  -2.3094E-01
   2.4701E+00  -2.3096E-01
   2.4701E+00  -2.3099E-01
   2.4701E+00  -2.3105E-01
   2.4701E+00  -2.3114E-01
   2.4701E+00  -2.3129E-01
   2.4701E+00  -2.3156E-01
   2.4701E+00  -2.3085E-01
   2.4702E+00  -2.1079E-01
   2.4702E+00  -1.7411E-01
   2.4702E+00  -1.4768E-01
   2.4703E+00  -1.3138E-01
   2.4703E+00  -1.2846E-01
   2.4703E+00  -1.2845E-01
   2.4703E+00  -1.2844E-01
   2.4704E+00  -1.2843E-01
   2.4704E+00  -1.2842E-01
   2.4704E+00  -1.2841E-01
   2.4704E+00  -1.2840E-01
   2.4704E+00  -1.2838E-01
   2.4705E+00  -1.2855E-01
   2.4705E+00  -1.2968E-01
   2.4705E+00  -1.3035E-01
   2.4705E+00  -1.2836E-01
   2.4705E+00  -1.2844E-01
   2.4705E+00  -1.3045E-01
   2.4705E+00  -1.3138E-01
   2.4705E+00  -1.2836E-01
   2.4705E+00  -1.2978E-01
   2.4705E+00  -1.3132E-01
   2.4705E+00  -1.3219E-01
   2.4706E+00  -1.3249E-01
   2.4706E+00  -1.3252E-01
   2.4706E+00  -1.3237E-01
   2.4706E+00  -1.3218E-01
   2.4707E+00  -1.3202E-01
   2.4707E+00  -1.3193E-01
   2.4708E+00  -1.3014E-01
   2.4708E+00  -1.3114E-01
   2.4708E+00  -1.3179E-01
   2.4708E+00  -1.3208E-01
   2.4709E+00  -1.3212E-01
   2.4709E+00  -1.3200E-01
   2.4709E+00  -1.3171E-01
   2.4709E+00  -1.3112E-01
   2.4709E+00  -1.3062E-01
   2.4709E+00  -1.2926E-01
   2.4709E+00  -1.2854E-01
   2.4709E+00  -1.2866E-01
   2.4709E+00  -1.2994E-01
   2.4709E+00  -1.3106E-01
   2.4709E+00  -1.3170E-01
   2.4709E+00  -1.3197E-01
   2.4710E+00  -1.3189E-01
   2.4710E+00  -1.3179E-01
   2.4710E+00  -1.3169E-01
   2.4711E+00  -1.3209E-01
   2.4711E+00  -1.3193E-01
   2.4712E+00  -1.3188E-01
   2.4713E+00  -1.3170E-01
   2.4713E+00  -1.3160E-01
   2.4713E+00  -1.3147E-01
   2.4714E+00  -1.3148E-01
   2.4714E+00  -1.3148E-01
   2.4715E+00  -1.3161E-01
   2.4716E+00  -1.3161E-01
   2.4717E+00  -1.3175E-01
   2.4720E+00  -1.3181E-01
   2.4724E+00  -1.3230E-01
   2.4732E+00  -1.3205E-01
   2.4732E+00  -1.3165E-01
   2.4732E+00  -1.2837E-01
   2.4732E+00  -1.2837E-01
   2.4732E+00  -1.2836E-01
   2.4732E+00  -1.2836E-01
   2.4732E+00  -1.2836E-01
   2.4732E+00  -1.2836E-01
   2.4732E+00  -1.2836E-01
   2.4732E+00  -1.2835E-01
   2.4733E+00  -1.2834E-01
   2.4734E+00  -1.2976E-01
   2.4735E+00  -1.3093E-01
   2.4737E+00  -1.3162E-01
   2.4741E+00  -1.3183E-01
   2.4748E+00  -1.3190E-01
   2.4748E+00  -1.3171E-01
   2.4748E+00  -1.2830E-01
   2.4748E+00  -1.2830E-01
   2.4748E+00  -1.2830E-01
   2.4748E+00  -1.2830E-01
   2.4748E+00  -1.2829E-01
   2.4748E+00  -1.2829E-01
   2.4748E+00  -1.2899E-01
   2.4748E+00  -1.3029E-01
   2.4749E+00  -1.3127E-01
   2.4750E+00  -1.3168E-01
   2.4752E+00  -1.3186E-01
   2.4756E+00  -1.3184E-01
   2.4759E+00  -1.3182E-01
   2.4763E+00  -1.3174E-01
   2.4767E+00  -1.3173E-01
   2.4771E+00  -1.3166E-01
   2.4776E+00  -1.3163E-01
   2.4787E+00  -1.3161E-01
   2.4787E+00  -1.3153E-01
   2.4787E+00  -1.2824E-01
   2.4787E+00  -1.2824E-01
   2.4787E+00  -1.2824E-01
   2.4787E+00  -1.2824E-01
   2.4787E+00  -1.2824E-01
   2.4787E+00  -1.2824E-01
   2.4787E+00  -1.2824E-01
   2.4787E+00  -1.2823E-01
   2.4787E+00  -1.2895E-01
   2.4788E+00  -1.3005E-01
   2.4789E+00  -1.3094E-01
   2.4790E+00  -1.3140E-01
   2.4793E+00  -1.3163E-01
   2.4797E+00  -1.3166E-01
   2.4804E+00  -1.3166E-01
   2.4804E+00  -1.3152E-01
   2.4804E+00  -1.2820E-01
   2.4804E+00  -1.2820E-01
   2.4804E+00  -1.2820E-01
   2.4804E+00  -1.2820E-01
   2.4804E+00  -1.2820E-01
   2.4805E+00  -1.2820E-01
   2.4805E+00  -1.2819E-01
   2.4805E+00  -1.2885E-01
   2.4805E+00  -1.2995E-01
   2.4806E+00  -1.3086E-01
   2.4808E+00  -1.3133E-01
   2.4810E+00  -1.3156E-01
   2.4814E+00  -1.3211E-01
   2.4817E+00  -1.3180E-01
   2.4823E+00  -1.3156E-01
   2.4832E+00  -1.3152E-01
   2.4832E+00  -1.3143E-01
   2.4832E+00  -1.2815E-01
   2.4833E+00  -1.2815E-01
   2.4833E+00  -1.2815E-01
   2.4833E+00  -1.2815E-01
   2.4833E+00  -1.2815E-01
   2.4833E+00  -1.2814E-01
   2.4833E+00  -1.2858E-01
   2.4833E+00  -1.2982E-01
   2.4834E+00  -1.3085E-01
   2.4835E+00  -1.3135E-01
   2.4837E+00  -1.3159E-01
   2.4840E+00  -1.3160E-01
   2.4846E+00  -1.3160E-01
   2.4851E+00  -1.3156E-01
   2.4855E+00  -1.3155E-01
   2.4859E+00  -1.3143E-01
   2.4865E+00  -1.3145E-01
   2.4865E+00  -1.3132E-01
   2.4865E+00  -1.2810E-01
   2.4865E+00  -1.2810E-01
   2.4865E+00  -1.2810E-01
   2.4865E+00  -1.2810E-01
   2.4865E+00  -1.2810E-01
   2.4865E+00  -1.2828E-01
   2.4866E+00  -1.2959E-01
   2.4866E+00  -1.3061E-01
   2.4867E+00  -1.3123E-01
   2.4869E+00  -1.3142E-01
   2.4873E+00  -1.3149E-01
   2.4878E+00  -1.3145E-01
   2.4888E+00  -1.3142E-01
   2.4888E+00  -1.3121E-01
   2.4888E+00  -1.2808E-01
   2.4888E+00  -1.2808E-01
   2.4888E+00  -1.2808E-01
   2.4889E+00  -1.2808E-01
   2.4889E+00  -1.2808E-01
   2.4889E+00  -1.2808E-01
   2.4889E+00  -1.2808E-01
   2.4889E+00  -1.2808E-01
   2.4889E+00  -1.2807E-01
   2.4889E+00  -1.2869E-01
   2.4890E+00  -1.2992E-01
   2.4892E+00  -1.3084E-01
   2.4894E+00  -1.3123E-01
   2.4898E+00  -1.3137E-01
   2.4901E+00  -1.3135E-01
   2.4906E+00  -1.3132E-01
   2.4911E+00  -1.3127E-01
   2.4914E+00  -1.3123E-01
   2.4921E+00  -1.3115E-01
   2.4921E+00  -1.3100E-01
   2.4921E+00  -1.2802E-01
   2.4921E+00  -1.2802E-01
   2.4921E+00  -1.2802E-01
   2.4921E+00  -1.2802E-01
   2.4921E+00  -1.2801E-01
   2.4921E+00  -1.2801E-01
   2.4922E+00  -1.2851E-01
   2.4922E+00  -1.2979E-01
   2.4923E+00  -1.3066E-01
   2.4925E+00  -1.3145E-01
   2.4927E+00  -1.3130E-01
   2.4932E+00  -1.3124E-01
   2.4941E+00  -1.3117E-01
   2.4955E+00  -1.3116E-01
   2.4980E+00  -1.3113E-01
   2.5022E+00  -1.3103E-01
   2.5095E+00  -1.3100E-01
   2.5170E+00  -1.3097E-01
   2.5245E+00  -1.3092E-01
   2.5320E+00  -1.3087E-01
   2.5395E+00  -1.3128E-01
   2.5470E+00  -1.3159E-01
   2.5545E+00  -1.3178E-01
   2.5620E+00  -1.3182E-01
   2.5695E+00  -1.3173E-01
   2.5770E+00  -1.3158E-01
   2.5845E+00  -1.3140E-01
   2.5920E+00  -1.3125E-01
   2.5995E+00  -1.3091E-01
   2.6070E+00  -1.3080E-01
   2.6145E+00  -1.3130E-01
   2.6190E+00  -1.3208E-01
   2.6216E+00  -1.3285E-01
   2.6248E+00  -1.3293E-01
   2.6288E+00  -1.3283E-01
   2.6358E+00  -1.3273E-01
   2.6432E+00  -1.3262E-01
   2.6507E+00  -1.3245E-01
   2.6583E+00  -1.3227E-01
   2.6658E+00  -1.3211E-01
   2.6732E+00  -1.3200E-01
   2.6807E+00  -1.3195E-01
   2.6883E+00  -1.3242E-01
   2.6957E+00  -1.3279E-01
   2.7032E+00  -1.3308E-01
   2.7108E+00  -1.3321E-01
   2.7183E+00  -1.3270E-01
   2.7257E+00  -1.3261E-01
   2.7332E+00  -1.3254E-01
   2.7408E+00  -1.3246E-01
   2.7483E+00  -1.3240E-01
   2.7557E+00  -1.3233E-01
   2.7633E+00  -1.3270E-01
   2.7708E+00  -1.3293E-01
   2.7778E+00  -1.3312E-01
   2.7853E+00  -1.3320E-01
   2.7928E+00  -1.3317E-01
   2.7976E+00  -1.3295E-01
   2.8018E+00  -1.3270E-01
   2.8054E+00  -1.3248E-01
   2.8088E+00  -1.3234E-01
   2.8146E+00  -1.3231E-01
   2.8221E+00  -1.3226E-01
   2.8296E+00  -1.3224E-01
   2.8371E+00  -1.3323E-01
   2.8446E+00  -1.3367E-01
   2.8521E+00  -1.3390E-01
   2.8596E+00  -1.3392E-01
   2.8671E+00  -1.3380E-01
   2.8746E+00  -1.3361E-01
   2.8821E+00  -1.3341E-01
   2.8896E+00  -1.3325E-01
   2.8971E+00  -1.3314E-01
   2.9046E+00  -1.3308E-01
   2.9121E+00  -1.3368E-01
   2.9194E+00  -1.3409E-01
   2.9264E+00  -1.3440E-01
   2.9339E+00  -1.3454E-01
   2.9414E+00  -1.3453E-01
   2.9489E+00  -1.3441E-01
   2.9564E+00  -1.3424E-01
   2.9639E+00  -1.3407E-01
   2.9714E+00  -1.3393E-01
   2.9789E+00  -1.3400E-01
   2.9864E+00  -1.3461E-01
   2.9933E+00  -1.3502E-01
   2.9998E+00  -1.3532E-01
   3.0073E+00  -1.3553E-01
   3.0148E+00  -1.3563E-01
   3.0199E+00  -1.3550E-01
   3.0238E+00  -1.3527E-01
   3.0268E+00  -1.3505E-01
   3.0268E+00  -1.3479E-01
   3.0268E+00  -1.3162E-01
   3.0268E+00  -1.3162E-01
   3.0268E+00  -1.3162E-01
   3.0268E+00  -1.3161E-01
   3.0268E+00  -1.3161E-01
   3.0268E+00  -1.3161E-01
   3.0268E+00  -1.3161E-01
   3.0268E+00  -1.3161E-01
   3.0268E+00  -1.3161E-01
   3.0269E+00  -1.3160E-01
   3.0269E+00  -1.3160E-01
   3.0270E+00  -1.3158E-01
   3.0272E+00  -1.3155E-01
   3.0274E+00  -1.3282E-01
   3.0279E+00  -1.3408E-01
   3.0283E+00  -1.3473E-01
   3.0285E+00  -1.3511E-01
   3.0290E+00  -1.3530E-01
   3.0293E+00  -1.3527E-01
   3.0299E+00  -1.3523E-01
   3.0303E+00  -1.3520E-01
   3.0305E+00  -1.3514E-01
   3.0310E+00  -1.3514E-01
   3.0313E+00  -1.3511E-01
   3.0319E+00  -1.3512E-01
   3.0324E+00  -1.3511E-01
   3.0327E+00  -1.3513E-01
   3.0332E+00  -1.3510E-01
   3.0336E+00  -1.3514E-01
   3.0338E+00  -1.3512E-01
   3.0343E+00  -1.3514E-01
   3.0346E+00  -1.3513E-01
   3.0352E+00  -1.3516E-01
   3.0356E+00  -1.3472E-01
   3.0359E+00  -1.3502E-01
   3.0363E+00  -1.3518E-01
   3.0367E+00  -1.3527E-01
   3.0371E+00  -1.3526E-01
   3.0374E+00  -1.3526E-01
   3.0378E+00  -1.3519E-01
   3.0380E+00  -1.3521E-01
   3.0384E+00  -1.3515E-01
   3.0390E+00  -1.3516E-01
   3.0395E+00  -1.3513E-01
   3.0399E+00  -1.3511E-01
   3.0404E+00  -1.3508E-01
   3.0406E+00  -1.3513E-01
   3.0412E+00  -1.3511E-01
   3.0415E+00  -1.3517E-01
   3.0419E+00  -1.3514E-01
   3.0422E+00  -1.3519E-01
   3.0426E+00  -1.3515E-01
   3.0428E+00  -1.3520E-01
   3.0429E+00  -1.3476E-01
   3.0431E+00  -1.3500E-01
   3.0434E+00  -1.3514E-01
   3.0439E+00  -1.3528E-01
   3.0441E+00  -1.3534E-01
   3.0445E+00  -1.3543E-01
   3.0450E+00  -1.3545E-01
   3.0456E+00  -1.3549E-01
   3.0462E+00  -1.3549E-01
   3.0464E+00  -1.3552E-01
   3.0468E+00  -1.3549E-01
   3.0471E+00  -1.3552E-01
   3.0474E+00  -1.3549E-01
   3.0477E+00  -1.3551E-01
   3.0480E+00  -1.3548E-01
   3.0483E+00  -1.3551E-01
   3.0487E+00  -1.3548E-01
   3.0489E+00  -1.3551E-01
   3.0493E+00  -1.3548E-01
   3.0495E+00  -1.3552E-01
   3.0499E+00  -1.3548E-01
   3.0503E+00  -1.3550E-01
   3.0505E+00  -1.3549E-01
   3.0505E+00  -1.4587E-01
   3.0505E+00  -2.2144E-01
   3.0505E+00  -2.2146E-01
   3.0505E+00  -2.2147E-01
   3.0505E+00  -2.2148E-01
   3.0505E+00  -2.2149E-01
   3.0505E+00  -2.2150E-01
   3.0505E+00  -2.2151E-01
   3.0505E+00  -2.2153E-01
   3.0505E+00  -2.2155E-01
   3.0505E+00  -2.2157E-01
   3.0505E+00  -2.2159E-01
   3.0505E+00  -2.2162E-01
   3.0505E+00  -2.2166E-01
   3.0505E+00  -2.2166E-01
   3.0505E+00  -2.2166E-01
   3.0505E+00  -2.3462E-01
   3.0505E+00  -2.3462E-01
   3.0505E+00  -2.3462E-01
   3.0505E+00  -2.3462E-01
   3.0505E+00  -2.3463E-01
   3.0505E+00  -2.3464E-01
   3.0505E+00  -2.3465E-01
   3.0505E+00  -2.3468E-01
   3.0506E+00  -2.3473E-01
   3.0506E+00  -2.3479E-01
   3.0506E+00  -2.3487E-01
   3.0506E+00  -2.3496E-01
   3.0506E+00  -2.3508E-01
   3.0506E+00  -2.3521E-01
   3.0506E+00  -2.3538E-01
   3.0506E+00  -2.3558E-01
   3.0506E+00  -2.3581E-01
   3.0506E+00  -2.3611E-01
   3.0506E+00  -2.3623E-01
   3.0506E+00  -2.3644E-01
   3.0506E+00  -2.2958E-01
   3.0506E+00  -2.2966E-01
   3.0506E+00  -2.2980E-01
   3.0506E+00  -2.3003E-01
   3.0506E+00  -2.3044E-01
   3.0506E+00  -2.2432E-01
   3.0507E+00  -1.8932E-01
   3.0507E+00  -1.5943E-01
   3.0507E+00  -1.3274E-01
   3.0507E+00  -1.3274E-01
   3.0507E+00  -1.3273E-01
   3.0508E+00  -1.3273E-01
   3.0508E+00  -1.3272E-01
   3.0508E+00  -1.3271E-01
   3.0508E+00  -1.3322E-01
   3.0509E+00  -1.3486E-01
   3.0509E+00  -1.3644E-01
   3.0509E+00  -1.3742E-01
   3.0510E+00  -1.3776E-01
   3.0510E+00  -1.3603E-01
   3.0510E+00  -1.3739E-01
   3.0511E+00  -1.3757E-01
   3.0511E+00  -1.3742E-01
   3.0511E+00  -1.3744E-01
   3.0512E+00  -1.3734E-01
   3.0512E+00  -1.3732E-01
   3.0513E+00  -1.3728E-01
   3.0514E+00  -1.3722E-01
   3.0515E+00  -1.3716E-01
   3.0516E+00  -1.3710E-01
   3.0517E+00  -1.3704E-01
   3.0519E+00  -1.3708E-01
   3.0519E+00  -1.3700E-01
   3.0519E+00  -1.3269E-01
   3.0519E+00  -1.3276E-01
   3.0519E+00  -1.3426E-01
   3.0520E+00  -1.3577E-01
   3.0520E+00  -1.3671E-01
   3.0520E+00  -1.3710E-01
   3.0521E+00  -1.3718E-01
   3.0521E+00  -1.3685E-01
   3.0521E+00  -1.3656E-01
   3.0521E+00  -1.3578E-01
   3.0521E+00  -1.3443E-01
   3.0521E+00  -1.3268E-01
   3.0521E+00  -1.3268E-01
   3.0521E+00  -1.3268E-01
   3.0521E+00  -1.3279E-01
   3.0521E+00  -1.3462E-01
   3.0522E+00  -1.3608E-01
   3.0522E+00  -1.3677E-01
   3.0522E+00  -1.3684E-01
   3.0522E+00  -1.3682E-01
   3.0522E+00  -1.3679E-01
   3.0522E+00  -1.3671E-01
   3.0522E+00  -1.3268E-01
   3.0522E+00  -1.3372E-01
   3.0522E+00  -1.3540E-01
   3.0523E+00  -1.3649E-01
   3.0523E+00  -1.3695E-01
   3.0523E+00  -1.3684E-01
   3.0524E+00  -1.3700E-01
   3.0525E+00  -1.3701E-01
   3.0525E+00  -1.3721E-01
   3.0526E+00  -1.3704E-01
   3.0528E+00  -1.3711E-01
   3.0529E+00  -1.3708E-01
   3.0529E+00  -1.3715E-01
   3.0530E+00  -1.3699E-01
   3.0531E+00  -1.3737E-01
   3.0533E+00  -1.3721E-01
   3.0535E+00  -1.3715E-01
   3.0539E+00  -1.3712E-01
   3.0543E+00  -1.3716E-01
   3.0545E+00  -1.3714E-01
   3.0548E+00  -1.3710E-01
   3.0550E+00  -1.3710E-01
   3.0554E+00  -1.3709E-01
   3.0556E+00  -1.3711E-01
   3.0559E+00  -1.3711E-01
   3.0561E+00  -1.3716E-01
   3.0563E+00  -1.3695E-01
   3.0566E+00  -1.3693E-01
   3.0568E+00  -1.3698E-01
   3.0572E+00  -1.3688E-01
   3.0573E+00  -1.3693E-01
   3.0577E+00  -1.3681E-01
   3.0582E+00  -1.3686E-01
   3.0584E+00  -1.3686E-01
   3.0588E+00  -1.3679E-01
   3.0594E+00  -1.3677E-01
   3.0598E+00  -1.3673E-01
   3.0600E+00  -1.3658E-01
   3.0603E+00  -1.3662E-01
   3.0605E+00  -1.3670E-01
   3.0608E+00  -1.3664E-01
   3.0612E+00  -1.3670E-01
   3.0615E+00  -1.3681E-01
   3.0618E+00  -1.3673E-01
   3.0623E+00  -1.3679E-01
   3.0626E+00  -1.3691E-01
   3.0629E+00  -1.3664E-01
   3.0635E+00  -1.3657E-01
   3.0638E+00  -1.3660E-01
   3.0643E+00  -1.3645E-01
   3.0646E+00  -1.3638E-01
   3.0647E+00  -1.3607E-01
   3.0647E+00  -1.3541E-01
   3.0648E+00  -1.3392E-01
   3.0648E+00  -1.3270E-01
   3.0648E+00  -1.3269E-01
   3.0649E+00  -1.3319E-01
   3.0649E+00  -1.3466E-01
   3.0650E+00  -1.3582E-01
   3.0652E+00  -1.3636E-01
   3.0655E+00  -1.3661E-01
   3.0657E+00  -1.3660E-01
   3.0659E+00  -1.3658E-01
   3.0662E+00  -1.3651E-01
   3.0667E+00  -1.3652E-01
   3.0670E+00  -1.3637E-01
   3.0672E+00  -1.3614E-01
   3.0673E+00  -1.3578E-01
   3.0674E+00  -1.3572E-01
   3.0675E+00  -1.3594E-01
   3.0678E+00  -1.3626E-01
   3.0682E+00  -1.3644E-01
   3.0685E+00  -1.3657E-01
   3.0689E+00  -1.3658E-01
   3.0692E+00  -1.3662E-01
   3.0695E+00  -1.3655E-01
   3.0697E+00  -1.3658E-01
   3.0701E+00  -1.3649E-01
   3.0703E+00  -1.3654E-01
   3.0706E+00  -1.3648E-01
   3.0712E+00  -1.3652E-01
   3.0714E+00  -1.3652E-01
   3.0718E+00  -1.3648E-01
   3.0720E+00  -1.3649E-01
   3.0724E+00  -1.3646E-01
   3.0727E+00  -1.3640E-01
   3.0730E+00  -1.3641E-01
   3.0735E+00  -1.3646E-01
   3.0737E+00  -1.3654E-01
   3.0739E+00  -1.3648E-01
   3.0744E+00  -1.3655E-01
   3.0746E+00  -1.3658E-01
   3.0750E+00  -1.3658E-01
   3.0753E+00  -1.3658E-01
   3.0758E+00  -1.3656E-01
   3.0760E+00  -1.3656E-01
   3.0765E+00  -1.3653E-01
   3.0768E+00  -1.3652E-01
   3.0771E+00  -1.3647E-01
   3.0777E+00  -1.3647E-01
   3.0779E+00  -1.3652E-01
   3.0782E+00  -1.3644E-01
   3.0784E+00  -1.3652E-01
   3.0787E+00  -1.3645E-01
   3.0793E+00  -1.3654E-01
   3.0795E+00  -1.3682E-01
   3.0800E+00  -1.3665E-01
   3.0802E+00  -1.3655E-01
   3.0805E+00  -1.3629E-01
   3.0806E+00  -1.3604E-01
   3.0809E+00  -1.3620E-01
   3.0815E+00  -1.3637E-01
   3.0818E+00  -1.3653E-01
   3.0824E+00  -1.3654E-01
   3.0828E+00  -1.3652E-01
   3.0830E+00  -1.3634E-01
   3.0833E+00  -1.3641E-01
   3.0835E+00  -1.3648E-01
   3.0839E+00  -1.3648E-01
   3.0842E+00  -1.3652E-01
   3.0845E+00  -1.3649E-01
   3.0847E+00  -1.3652E-01
   3.0852E+00  -1.3648E-01
   3.0854E+00  -1.3651E-01
   3.0858E+00  -1.3646E-01
   3.0860E+00  -1.3648E-01
   3.0861E+00  -1.3596E-01
   3.0863E+00  -1.3608E-01
   3.0866E+00  -1.3639E-01
   3.0869E+00  -1.3653E-01
   3.0873E+00  -1.3663E-01
   3.0873E+00  -1.3664E-01
   3.0873E+00  -1.3612E-01
   3.0874E+00  -1.3606E-01
   3.0874E+00  -1.3660E-01
   3.0875E+00  -1.3663E-01
   3.0875E+00  -1.3710E-01
   3.0875E+00  -1.3682E-01
   3.0875E+00  -1.3706E-01
   3.0875E+00  -1.3668E-01
   3.0875E+00  -1.3356E-01
   3.0875E+00  -1.3396E-01
   3.0875E+00  -1.3536E-01
   3.0876E+00  -1.3562E-01
   3.0876E+00  -1.3708E-01
   3.0876E+00  -1.3669E-01
   3.0876E+00  -1.3692E-01
   3.0876E+00  -1.3663E-01
   3.0876E+00  -1.3713E-01
   3.0876E+00  -1.3624E-01
   3.0876E+00  -1.3670E-01
   3.0876E+00  -1.3593E-01
   3.0876E+00  -1.3695E-01
   3.0877E+00  -1.3641E-01
   3.0877E+00  -1.3266E-01
   3.0877E+00  -1.3410E-01
   3.0877E+00  -1.3560E-01
   3.0877E+00  -1.3646E-01
   3.0878E+00  -1.3678E-01
   3.0879E+00  -1.3679E-01
   3.0880E+00  -1.3668E-01
   3.0883E+00  -1.3657E-01
   3.0886E+00  -1.3645E-01
   3.0886E+00  -1.3630E-01
   3.0886E+00  -1.3287E-01
   3.0886E+00  -1.3268E-01
   3.0886E+00  -1.3301E-01
   3.0886E+00  -1.3364E-01
   3.0887E+00  -1.3467E-01
   3.0887E+00  -1.3550E-01
   3.0887E+00  -1.3609E-01
   3.0888E+00  -1.3639E-01
   3.0889E+00  -1.3660E-01
   3.0890E+00  -1.3661E-01
   3.0891E+00  -1.3664E-01
   3.0891E+00  -1.3658E-01
   3.0891E+00  -1.3606E-01
   3.0892E+00  -1.3641E-01
   3.0892E+00  -1.3654E-01
   3.0892E+00  -1.3750E-01
   3.0893E+00  -1.3706E-01
   3.0893E+00  -1.3742E-01
   3.0893E+00  -1.3686E-01
   3.0894E+00  -1.3669E-01
   3.0895E+00  -1.3655E-01
   3.0896E+00  -1.3668E-01
   3.0896E+00  -1.3679E-01
   3.0897E+00  -1.3657E-01
   3.0897E+00  -1.3625E-01
   3.0897E+00  -1.3517E-01
   3.0897E+00  -1.3505E-01
   3.0898E+00  -1.3316E-01
   3.0898E+00  -1.3494E-01
   3.0898E+00  -1.3608E-01
   3.0899E+00  -1.3657E-01
   3.0900E+00  -1.3668E-01
   3.0901E+00  -1.3661E-01
   3.0902E+00  -1.3647E-01
   3.0902E+00  -1.3633E-01
   3.0903E+00  -1.3616E-01
   3.0904E+00  -1.3613E-01
   3.0905E+00  -1.3605E-01
   3.0905E+00  -1.3609E-01
   3.0906E+00  -1.3614E-01
   3.0907E+00  -1.3624E-01
   3.0909E+00  -1.3624E-01
   3.0911E+00  -1.3672E-01
   3.0916E+00  -1.3645E-01
   3.0924E+00  -1.3640E-01
   3.0924E+00  -1.3612E-01
   3.0924E+00  -1.3278E-01
   3.0924E+00  -1.3278E-01
   3.0924E+00  -1.3278E-01
   3.0924E+00  -1.3278E-01
   3.0924E+00  -1.3278E-01
   3.0924E+00  -1.3277E-01
   3.0924E+00  -1.3277E-01
   3.0924E+00  -1.3277E-01
   3.0925E+00  -1.3308E-01
   3.0926E+00  -1.3462E-01
   3.0927E+00  -1.3580E-01
   3.0929E+00  -1.3629E-01
   3.0933E+00  -1.3647E-01
   3.0940E+00  -1.3645E-01
   3.0940E+00  -1.3628E-01
   3.0940E+00  -1.3279E-01
   3.0940E+00  -1.3279E-01
   3.0940E+00  -1.3279E-01
   3.0940E+00  -1.3279E-01
   3.0940E+00  -1.3279E-01
   3.0940E+00  -1.3278E-01
   3.0940E+00  -1.3379E-01
   3.0941E+00  -1.3517E-01
   3.0942E+00  -1.3601E-01
   3.0943E+00  -1.3646E-01
   3.0945E+00  -1.3660E-01
   3.0948E+00  -1.3669E-01
   3.0952E+00  -1.3666E-01
   3.0954E+00  -1.3668E-01
   3.0958E+00  -1.3664E-01
   3.0960E+00  -1.3667E-01
   3.0964E+00  -1.3663E-01
   3.0966E+00  -1.3666E-01
   3.0970E+00  -1.3662E-01
   3.0975E+00  -1.3666E-01
   3.0977E+00  -1.3666E-01
   3.0981E+00  -1.3665E-01
   3.0984E+00  -1.3665E-01
   3.0988E+00  -1.3667E-01
   3.0990E+00  -1.3668E-01
   3.0994E+00  -1.3670E-01
   3.0996E+00  -1.3705E-01
   3.1000E+00  -1.3672E-01
   3.1001E+00  -1.3622E-01
   3.1004E+00  -1.3627E-01
   3.1010E+00  -1.3638E-01
   3.1013E+00  -1.3650E-01
   3.1016E+00  -1.3650E-01
   3.1021E+00  -1.3648E-01
   3.1025E+00  -1.3649E-01
   3.1028E+00  -1.3648E-01
   3.1033E+00  -1.3640E-01
   3.1037E+00  -1.3646E-01
   3.1041E+00  -1.3644E-01
   3.1046E+00  -1.3642E-01
   3.1051E+00  -1.3645E-01
   3.1054E+00  -1.3646E-01
   3.1058E+00  -1.3641E-01
   3.1063E+00  -1.3640E-01
   3.1067E+00  -1.3644E-01
   3.1070E+00  -1.3647E-01
   3.1073E+00  -1.3628E-01
   3.1079E+00  -1.3640E-01
   3.1082E+00  -1.3650E-01
   3.1085E+00  -1.3658E-01
   3.1089E+00  -1.3657E-01
   3.1093E+00  -1.3663E-01
   3.1098E+00  -1.3662E-01
   3.1102E+00  -1.3667E-01
   3.1105E+00  -1.3665E-01
   3.1109E+00  -1.3665E-01
   3.1112E+00  -1.3666E-01
   3.1118E+00  -1.3667E-01
   3.1122E+00  -1.3669E-01
   3.1124E+00  -1.3670E-01
   3.1129E+00  -1.3665E-01
   3.1132E+00  -1.3670E-01
   3.1137E+00  -1.3668E-01
   3.1141E+00  -1.3674E-01
   3.1143E+00  -1.3672E-01
   3.1148E+00  -1.3671E-01
   3.1155E+00  -1.3682E-01
   3.1164E+00  -1.3666E-01
   3.1179E+00  -1.3661E-01
   3.1205E+00  -1.3665E-01
   3.1250E+00  -1.3677E-01
   3.1325E+00  -1.3781E-01
   3.1400E+00  -1.3836E-01
   3.1475E+00  -1.3864E-01
   3.1550E+00  -1.3864E-01
   3.1610E+00  -1.3830E-01
   3.1685E+00  -1.3811E-01
   3.1760E+00  -1.3788E-01
   3.1835E+00  -1.3773E-01
   3.1910E+00  -1.3765E-01
   3.1985E+00  -1.3764E-01
   3.2060E+00  -1.3870E-01
   3.2135E+00  -1.3958E-01
   3.2204E+00  -1.4020E-01
   3.2279E+00  -1.4055E-01
   3.2354E+00  -1.4037E-01
   3.2429E+00  -1.4000E-01
   3.2475E+00  -1.3937E-01
   3.2502E+00  -1.3857E-01
   3.2522E+00  -1.7990E-01
   3.2556E+00  -1.7407E-01
   3.2616E+00  -1.9105E-01
   3.2691E+00  -1.9951E-01
   3.2766E+00  -2.0173E-01
   3.2841E+00  -2.0155E-01
   3.2916E+00  -2.0473E-01
   3.2991E+00  -2.0933E-01
   3.3066E+00  -2.1378E-01
   3.3141E+00  -2.1723E-01
   3.3216E+00  -2.1929E-01
   3.3291E+00  -2.2025E-01
   3.3366E+00  -2.2038E-01
   3.3441E+00  -2.2028E-01
   3.3516E+00  -2.2211E-01
   3.3591E+00  -2.1798E-01
   3.3666E+00  -2.1817E-01
   3.3741E+00  -2.2101E-01
   3.3816E+00  -2.2526E-01
   3.3891E+00  -2.2976E-01
   3.3966E+00  -2.3352E-01
   3.4041E+00  -2.3619E-01
   3.4116E+00  -2.3754E-01
   3.4191E+00  -2.3790E-01
   3.4266E+00  -2.3746E-01
   3.4341E+00  -2.3468E-01
   3.4416E+00  -2.3433E-01
   3.4491E+00  -2.3560E-01
   3.4566E+00  -2.3762E-01
   3.4641E+00  -2.3972E-01
   3.4716E+00  -2.4136E-01
   3.4791E+00  -2.4239E-01
   3.4866E+00  -2.4419E-01
   3.4941E+00  -2.4358E-01
   3.5016E+00  -2.4294E-01
   3.5091E+00  -2.4256E-01
   3.5166E+00  -2.4241E-01
   3.5241E+00  -2.4271E-01
   3.5261E+00  -2.4253E-01
   3.5274E+00  -2.4318E-01
   3.5274E+00  -2.4380E-01
   3.5274E+00  -3.3586E-01
   3.5274E+00  -3.3587E-01
   3.5274E+00  -3.3588E-01
   3.5274E+00  -3.3589E-01
   3.5274E+00  -3.3590E-01
   3.5274E+00  -3.3590E-01
   3.5274E+00  -3.3590E-01
   3.5274E+00  -3.3590E-01
   3.5274E+00  -3.3591E-01
   3.5274E+00  -3.3591E-01
   3.5274E+00  -3.3592E-01
   3.5274E+00  -3.5053E-01
   3.5274E+00  -3.5054E-01
   3.5274E+00  -3.5055E-01
   3.5274E+00  -3.5055E-01
   3.5274E+00  -3.5056E-01
   3.5274E+00  -3.5056E-01
   3.5274E+00  -3.5058E-01
   3.5274E+00  -3.5060E-01
   3.5274E+00  -3.5063E-01
   3.5274E+00  -3.5066E-01
   3.5274E+00  -3.5068E-01
   3.5274E+00  -3.5070E-01
   3.5274E+00  -3.5070E-01
   3.5274E+00  -3.5070E-01
