# Trace from filein = ./62270n01                                                                                                                   
#   time        WTOT                                                                                                                         
   2.0000E+00   1.5881E-02
   2.0000E+00   1.5896E-02
   2.0000E+00   1.5913E-02
   2.0001E+00   1.5932E-02
   2.0001E+00   1.5953E-02
   2.0001E+00   1.5975E-02
   2.0001E+00   1.5998E-02
   2.0001E+00   1.6023E-02
   2.0001E+00   1.6048E-02
   2.0001E+00   1.6074E-02
   2.0001E+00   1.6100E-02
   2.0002E+00   1.6127E-02
   2.0002E+00   1.6154E-02
   2.0002E+00   1.6182E-02
   2.0002E+00   1.6211E-02
   2.0002E+00   1.6240E-02
   2.0002E+00   1.6273E-02
   2.0003E+00   1.6308E-02
   2.0003E+00   1.6347E-02
   2.0003E+00   1.6394E-02
   2.0003E+00   1.6454E-02
   2.0004E+00   1.6537E-02
   2.0004E+00   1.6623E-02
   2.0005E+00   1.6684E-02
   2.0006E+00   1.6708E-02
   2.0006E+00   1.6713E-02
   2.0006E+00   1.6714E-02
   2.0007E+00   1.6715E-02
   2.0007E+00   1.6721E-02
   2.0008E+00   1.6730E-02
   2.0008E+00   1.6743E-02
   2.0009E+00   1.6758E-02
   2.0009E+00   1.6776E-02
   2.0010E+00   1.6795E-02
   2.0011E+00   1.6815E-02
   2.0012E+00   1.6837E-02
   2.0013E+00   1.6862E-02
   2.0014E+00   1.6889E-02
   2.0015E+00   1.6919E-02
   2.0016E+00   1.6953E-02
   2.0017E+00   1.6988E-02
   2.0019E+00   1.7030E-02
   2.0021E+00   1.7084E-02
   2.0024E+00   1.7159E-02
   2.0027E+00   1.7259E-02
   2.0032E+00   1.7379E-02
   2.0036E+00   1.7497E-02
   2.0040E+00   1.7587E-02
   2.0043E+00   1.7658E-02
   2.0045E+00   1.7704E-02
   2.0046E+00   1.7732E-02
   2.0047E+00   1.7750E-02
   2.0048E+00   1.7771E-02
   2.0049E+00   1.7800E-02
   2.0051E+00   1.7842E-02
   2.0054E+00   1.7906E-02
   2.0058E+00   1.8001E-02
   2.0063E+00   1.8124E-02
   2.0069E+00   1.8254E-02
   2.0069E+00   1.8259E-02
   2.0069E+00   1.8259E-02
   2.0070E+00   1.8260E-02
   2.0070E+00   1.8260E-02
   2.0070E+00   1.8260E-02
   2.0070E+00   1.8260E-02
   2.0070E+00   1.8260E-02
   2.0070E+00   1.8260E-02
   2.0070E+00   1.8260E-02
   2.0070E+00   1.8260E-02
   2.0070E+00   1.8261E-02
   2.0070E+00   1.8262E-02
   2.0070E+00   1.8262E-02
   2.0070E+00   1.8263E-02
   2.0070E+00   1.8264E-02
   2.0070E+00   1.8265E-02
   2.0070E+00   1.8269E-02
   2.0071E+00   1.8276E-02
   2.0071E+00   1.8289E-02
   2.0072E+00   1.8313E-02
   2.0074E+00   1.8354E-02
   2.0077E+00   1.8425E-02
   2.0082E+00   1.8546E-02
   2.0086E+00   1.8630E-02
   2.0088E+00   1.8671E-02
   2.0092E+00   1.8742E-02
   2.0098E+00   1.8866E-02
   2.0098E+00   1.8867E-02
   2.0098E+00   1.8867E-02
   2.0098E+00   1.8867E-02
   2.0098E+00   1.8867E-02
   2.0098E+00   1.8867E-02
   2.0098E+00   1.8868E-02
   2.0098E+00   1.8869E-02
   2.0098E+00   1.8871E-02
   2.0099E+00   1.8875E-02
   2.0099E+00   1.8884E-02
   2.0100E+00   1.8901E-02
   2.0102E+00   1.8932E-02
   2.0102E+00   1.8934E-02
   2.0102E+00   1.8934E-02
   2.0102E+00   1.8935E-02
   2.0102E+00   1.8935E-02
   2.0102E+00   1.8936E-02
   2.0102E+00   1.8936E-02
   2.0102E+00   1.8937E-02
   2.0102E+00   1.8938E-02
   2.0102E+00   1.8939E-02
   2.0102E+00   1.8940E-02
   2.0102E+00   1.8941E-02
   2.0102E+00   1.8943E-02
   2.0102E+00   1.8944E-02
   2.0102E+00   1.8947E-02
   2.0102E+00   1.8949E-02
   2.0102E+00   1.8953E-02
   2.0102E+00   1.8958E-02
   2.0102E+00   1.8963E-02
   2.0102E+00   1.8970E-02
   2.0102E+00   1.8978E-02
   2.0102E+00   1.8987E-02
   2.0102E+00   1.8998E-02
   2.0102E+00   1.9012E-02
   2.0102E+00   1.9028E-02
   2.0102E+00   1.9040E-02
   2.0102E+00   1.9050E-02
   2.0102E+00   1.9050E-02
   2.0102E+00   1.9050E-02
   2.0102E+00   1.9050E-02
   2.0102E+00   1.9050E-02
   2.0102E+00   1.9050E-02
   2.0102E+00   1.9050E-02
   2.0102E+00   1.9050E-02
   2.0102E+00   1.9050E-02
   2.0102E+00   1.9050E-02
   2.0102E+00   1.9050E-02
   2.0102E+00   1.9051E-02
   2.0102E+00   1.9051E-02
   2.0102E+00   1.9051E-02
   2.0102E+00   1.9051E-02
   2.0102E+00   1.9051E-02
   2.0102E+00   1.9051E-02
   2.0102E+00   1.9051E-02
   2.0103E+00   1.9053E-02
   2.0103E+00   1.9056E-02
   2.0103E+00   1.9058E-02
   2.0103E+00   1.9060E-02
   2.0103E+00   1.9061E-02
   2.0103E+00   1.9063E-02
   2.0103E+00   1.9066E-02
   2.0103E+00   1.9072E-02
   2.0103E+00   1.9077E-02
   2.0104E+00   1.9084E-02
   2.0104E+00   1.9089E-02
   2.0104E+00   1.9096E-02
   2.0105E+00   1.9103E-02
   2.0105E+00   1.9111E-02
   2.0105E+00   1.9118E-02
   2.0106E+00   1.9127E-02
   2.0106E+00   1.9137E-02
   2.0107E+00   1.9147E-02
   2.0107E+00   1.9157E-02
   2.0107E+00   1.9157E-02
   2.0107E+00   1.9157E-02
   2.0107E+00   1.9157E-02
   2.0107E+00   1.9158E-02
   2.0107E+00   1.9158E-02
   2.0107E+00   1.9158E-02
   2.0107E+00   1.9158E-02
   2.0107E+00   1.9158E-02
   2.0107E+00   1.9158E-02
   2.0107E+00   1.9158E-02
   2.0107E+00   1.9159E-02
   2.0107E+00   1.9159E-02
   2.0107E+00   1.9160E-02
   2.0108E+00   1.9161E-02
   2.0108E+00   1.9163E-02
   2.0108E+00   1.9167E-02
   2.0108E+00   1.9172E-02
   2.0108E+00   1.9178E-02
   2.0109E+00   1.9182E-02
   2.0109E+00   1.9182E-02
   2.0109E+00   1.9183E-02
   2.0109E+00   1.9183E-02
   2.0109E+00   1.9183E-02
   2.0109E+00   1.9183E-02
   2.0109E+00   1.9183E-02
   2.0109E+00   1.9184E-02
   2.0109E+00   1.9184E-02
   2.0109E+00   1.9186E-02
   2.0109E+00   1.9188E-02
   2.0109E+00   1.9192E-02
   2.0110E+00   1.9198E-02
   2.0110E+00   1.9208E-02
   2.0110E+00   1.9217E-02
   2.0111E+00   1.9225E-02
   2.0111E+00   1.9231E-02
   2.0111E+00   1.9236E-02
   2.0111E+00   1.9236E-02
   2.0111E+00   1.9236E-02
   2.0111E+00   1.9237E-02
   2.0112E+00   1.9238E-02
   2.0112E+00   1.9241E-02
   2.0112E+00   1.9245E-02
   2.0112E+00   1.9253E-02
   2.0113E+00   1.9261E-02
   2.0113E+00   1.9271E-02
   2.0114E+00   1.9277E-02
   2.0114E+00   1.9289E-02
   2.0115E+00   1.9310E-02
   2.0117E+00   1.9346E-02
   2.0121E+00   1.9409E-02
   2.0126E+00   1.9516E-02
   2.0126E+00   1.9517E-02
   2.0126E+00   1.9517E-02
   2.0126E+00   1.9517E-02
   2.0126E+00   1.9517E-02
   2.0126E+00   1.9517E-02
   2.0127E+00   1.9518E-02
   2.0127E+00   1.9520E-02
   2.0127E+00   1.9523E-02
   2.0127E+00   1.9530E-02
   2.0128E+00   1.9543E-02
   2.0129E+00   1.9566E-02
   2.0131E+00   1.9606E-02
   2.0135E+00   1.9674E-02
   2.0142E+00   1.9788E-02
   2.0142E+00   1.9789E-02
   2.0142E+00   1.9789E-02
   2.0142E+00   1.9789E-02
   2.0142E+00   1.9789E-02
   2.0142E+00   1.9789E-02
   2.0142E+00   1.9790E-02
   2.0142E+00   1.9791E-02
   2.0142E+00   1.9792E-02
   2.0142E+00   1.9797E-02
   2.0143E+00   1.9808E-02
   2.0144E+00   1.9830E-02
   2.0146E+00   1.9867E-02
   2.0148E+00   1.9931E-02
   2.0154E+00   2.0038E-02
   2.0162E+00   2.0215E-02
   2.0178E+00   2.0497E-02
   2.0204E+00   2.0936E-02
   2.0249E+00   2.1582E-02
   2.0324E+00   2.2434E-02
   2.0399E+00   2.3130E-02
   2.0474E+00   2.3703E-02
   2.0549E+00   2.4177E-02
   2.0624E+00   2.4570E-02
   2.0699E+00   2.4898E-02
   2.0774E+00   2.5175E-02
   2.0849E+00   2.5410E-02
   2.0924E+00   2.5564E-02
   2.0999E+00   2.5701E-02
   2.1074E+00   2.5822E-02
   2.1149E+00   2.5929E-02
   2.1224E+00   2.6019E-02
   2.1299E+00   2.6093E-02
   2.1374E+00   2.6151E-02
   2.1449E+00   2.6196E-02
   2.1524E+00   2.6230E-02
   2.1599E+00   2.6255E-02
   2.1674E+00   2.6274E-02
   2.1749E+00   2.6296E-02
   2.1824E+00   2.6324E-02
   2.1899E+00   2.6354E-02
   2.1974E+00   2.6383E-02
   2.2049E+00   2.6409E-02
   2.2124E+00   2.6428E-02
   2.2199E+00   2.6441E-02
   2.2274E+00   2.6448E-02
   2.2349E+00   2.6694E-02
   2.2423E+00   2.6922E-02
   2.2496E+00   2.7139E-02
   2.2571E+00   2.7346E-02
   2.2646E+00   2.7534E-02
   2.2721E+00   2.7698E-02
   2.2796E+00   2.7839E-02
   2.2871E+00   2.7957E-02
   2.2946E+00   2.8057E-02
   2.3021E+00   2.8143E-02
   2.3096E+00   2.8218E-02
   2.3171E+00   2.8293E-02
   2.3246E+00   2.8375E-02
   2.3321E+00   2.8460E-02
   2.3396E+00   2.8541E-02
   2.3471E+00   2.8613E-02
   2.3546E+00   2.8673E-02
   2.3621E+00   2.8720E-02
   2.3696E+00   2.8581E-02
   2.3738E+00   2.8492E-02
   2.3738E+00   2.8492E-02
   2.3738E+00   2.8492E-02
   2.3738E+00   2.8492E-02
   2.3738E+00   2.8492E-02
   2.3738E+00   2.8492E-02
   2.3738E+00   2.8491E-02
   2.3738E+00   2.8491E-02
   2.3738E+00   2.8490E-02
   2.3739E+00   2.8489E-02
   2.3739E+00   2.8487E-02
   2.3740E+00   2.8484E-02
   2.3742E+00   2.8478E-02
   2.3744E+00   2.8468E-02
   2.3749E+00   2.8453E-02
   2.3757E+00   2.8427E-02
   2.3770E+00   2.8388E-02
   2.3794E+00   2.8332E-02
   2.3833E+00   2.8257E-02
   2.3901E+00   2.8212E-02
   2.3956E+00   2.8181E-02
   2.3985E+00   2.8176E-02
   2.3985E+00   2.8176E-02
   2.3985E+00   2.8177E-02
   2.3985E+00   2.8177E-02
   2.3985E+00   2.8178E-02
   2.3985E+00   2.8178E-02
   2.3985E+00   2.8178E-02
   2.3985E+00   2.8179E-02
   2.3985E+00   2.8179E-02
   2.3985E+00   2.8179E-02
   2.3986E+00   2.8180E-02
   2.3986E+00   2.8180E-02
   2.3986E+00   2.8181E-02
   2.3986E+00   2.8182E-02
   2.3986E+00   2.8183E-02
   2.3986E+00   2.8184E-02
   2.3986E+00   2.8186E-02
   2.3986E+00   2.8188E-02
   2.3986E+00   2.8190E-02
   2.3986E+00   2.8193E-02
   2.3986E+00   2.8195E-02
   2.3986E+00   2.8199E-02
   2.3986E+00   2.8203E-02
   2.3986E+00   2.8207E-02
   2.3986E+00   2.8213E-02
   2.3986E+00   2.8220E-02
   2.3986E+00   2.8229E-02
   2.3986E+00   2.8238E-02
   2.3986E+00   2.8244E-02
   2.3986E+00   2.8247E-02
   2.3986E+00   2.8245E-02
   2.3987E+00   2.8245E-02
   2.3987E+00   2.8244E-02
   2.3987E+00   2.8244E-02
   2.3987E+00   2.8244E-02
   2.3987E+00   2.8244E-02
   2.3987E+00   2.8244E-02
   2.3987E+00   2.8244E-02
   2.3987E+00   2.8243E-02
   2.3987E+00   2.8243E-02
   2.3987E+00   2.8242E-02
   2.3987E+00   2.8241E-02
   2.3987E+00   2.8240E-02
   2.3988E+00   2.8238E-02
   2.3988E+00   2.8237E-02
   2.3988E+00   2.8236E-02
   2.3988E+00   2.8236E-02
   2.3988E+00   2.8236E-02
   2.3988E+00   2.8235E-02
   2.3988E+00   2.8235E-02
   2.3988E+00   2.8236E-02
   2.3989E+00   2.8236E-02
   2.3989E+00   2.8236E-02
   2.3989E+00   2.8236E-02
   2.3989E+00   2.8236E-02
   2.3989E+00   2.8236E-02
   2.3989E+00   2.8235E-02
   2.3989E+00   2.8235E-02
   2.3990E+00   2.8235E-02
   2.3990E+00   2.8235E-02
   2.3990E+00   2.8236E-02
   2.3991E+00   2.8236E-02
   2.3991E+00   2.8236E-02
   2.3991E+00   2.8236E-02
   2.3991E+00   2.8236E-02
   2.3991E+00   2.8236E-02
   2.3991E+00   2.8236E-02
   2.3991E+00   2.8236E-02
   2.3991E+00   2.8236E-02
   2.3991E+00   2.8236E-02
   2.3991E+00   2.8235E-02
   2.3991E+00   2.8235E-02
   2.3991E+00   2.8235E-02
   2.3991E+00   2.8235E-02
   2.3992E+00   2.8235E-02
   2.3992E+00   2.8235E-02
   2.3993E+00   2.8235E-02
   2.3993E+00   2.8235E-02
   2.3994E+00   2.8235E-02
   2.3994E+00   2.8235E-02
   2.3994E+00   2.8235E-02
   2.3994E+00   2.8234E-02
   2.3994E+00   2.8234E-02
   2.3994E+00   2.8234E-02
   2.3994E+00   2.8234E-02
   2.3994E+00   2.8234E-02
   2.3994E+00   2.8234E-02
   2.3994E+00   2.8234E-02
   2.3994E+00   2.8234E-02
   2.3994E+00   2.8234E-02
   2.3994E+00   2.8233E-02
   2.3994E+00   2.8233E-02
   2.3994E+00   2.8233E-02
   2.3995E+00   2.8233E-02
   2.3995E+00   2.8232E-02
   2.3995E+00   2.8233E-02
   2.3995E+00   2.8232E-02
   2.3995E+00   2.8232E-02
   2.3996E+00   2.8231E-02
   2.3996E+00   2.8230E-02
   2.3996E+00   2.8230E-02
   2.3997E+00   2.8229E-02
   2.3997E+00   2.8228E-02
   2.3997E+00   2.8227E-02
   2.3997E+00   2.8227E-02
   2.3998E+00   2.8225E-02
   2.3999E+00   2.8223E-02
   2.4000E+00   2.8220E-02
   2.4003E+00   2.8220E-02
   2.4008E+00   2.8224E-02
   2.4011E+00   2.8226E-02
   2.4016E+00   2.8232E-02
   2.4019E+00   2.8234E-02
   2.4024E+00   2.8239E-02
   2.4027E+00   2.8242E-02
   2.4032E+00   2.8246E-02
   2.4035E+00   2.8249E-02
   2.4038E+00   2.8251E-02
   2.4041E+00   2.8253E-02
   2.4044E+00   2.8255E-02
   2.4048E+00   2.8258E-02
   2.4051E+00   2.8260E-02
   2.4056E+00   2.8263E-02
   2.4059E+00   2.8266E-02
   2.4065E+00   2.8270E-02
   2.4065E+00   2.8270E-02
   2.4065E+00   2.8270E-02
   2.4065E+00   2.8270E-02
   2.4065E+00   2.8269E-02
   2.4065E+00   2.8269E-02
   2.4065E+00   2.8269E-02
   2.4065E+00   2.8268E-02
   2.4066E+00   2.8268E-02
   2.4066E+00   2.8267E-02
   2.4067E+00   2.8266E-02
   2.4069E+00   2.8265E-02
   2.4071E+00   2.8263E-02
   2.4076E+00   2.8259E-02
   2.4078E+00   2.8257E-02
   2.4083E+00   2.8253E-02
   2.4087E+00   2.8250E-02
   2.4092E+00   2.8246E-02
   2.4096E+00   2.8243E-02
   2.4099E+00   2.8241E-02
   2.4103E+00   2.8238E-02
   2.4105E+00   2.8237E-02
   2.4109E+00   2.8234E-02
   2.4112E+00   2.8232E-02
   2.4117E+00   2.8229E-02
   2.4121E+00   2.8227E-02
   2.4126E+00   2.8223E-02
   2.4130E+00   2.8226E-02
   2.4132E+00   2.8228E-02
   2.4134E+00   2.8230E-02
   2.4139E+00   2.8233E-02
   2.4141E+00   2.8235E-02
   2.4145E+00   2.8238E-02
   2.4147E+00   2.8240E-02
   2.4151E+00   2.8243E-02
   2.4156E+00   2.8246E-02
   2.4160E+00   2.8249E-02
   2.4162E+00   2.8250E-02
   2.4167E+00   2.8253E-02
   2.4169E+00   2.8254E-02
   2.4174E+00   2.8257E-02
   2.4176E+00   2.8259E-02
   2.4181E+00   2.8261E-02
   2.4184E+00   2.8263E-02
   2.4189E+00   2.8266E-02
   2.4192E+00   2.8268E-02
   2.4197E+00   2.8270E-02
   2.4198E+00   2.8272E-02
   2.4198E+00   2.8273E-02
   2.4198E+00   2.8273E-02
   2.4199E+00   2.8274E-02
   2.4199E+00   2.8275E-02
   2.4200E+00   2.8276E-02
   2.4201E+00   2.8278E-02
   2.4203E+00   2.8281E-02
   2.4206E+00   2.8287E-02
   2.4211E+00   2.8297E-02
   2.4220E+00   2.8311E-02
   2.4220E+00   2.8312E-02
   2.4220E+00   2.8311E-02
   2.4220E+00   2.8311E-02
   2.4220E+00   2.8311E-02
   2.4220E+00   2.8311E-02
   2.4220E+00   2.8311E-02
   2.4221E+00   2.8311E-02
   2.4221E+00   2.8311E-02
   2.4221E+00   2.8310E-02
   2.4221E+00   2.8310E-02
   2.4221E+00   2.8309E-02
   2.4222E+00   2.8308E-02
   2.4223E+00   2.8306E-02
   2.4226E+00   2.8303E-02
   2.4230E+00   2.8297E-02
   2.4232E+00   2.8293E-02
   2.4237E+00   2.8286E-02
   2.4241E+00   2.8281E-02
   2.4244E+00   2.8277E-02
   2.4249E+00   2.8270E-02
   2.4253E+00   2.8266E-02
   2.4256E+00   2.8262E-02
   2.4261E+00   2.8256E-02
   2.4265E+00   2.8251E-02
   2.4269E+00   2.8247E-02
   2.4274E+00   2.8242E-02
   2.4278E+00   2.8237E-02
   2.4282E+00   2.8234E-02
   2.4287E+00   2.8228E-02
   2.4292E+00   2.8232E-02
   2.4299E+00   2.8237E-02
   2.4299E+00   2.8237E-02
   2.4299E+00   2.8237E-02
   2.4299E+00   2.8237E-02
   2.4299E+00   2.8237E-02
   2.4299E+00   2.8237E-02
   2.4299E+00   2.8236E-02
   2.4299E+00   2.8236E-02
   2.4299E+00   2.8236E-02
   2.4300E+00   2.8235E-02
   2.4300E+00   2.8234E-02
   2.4301E+00   2.8233E-02
   2.4302E+00   2.8234E-02
   2.4304E+00   2.8235E-02
   2.4308E+00   2.8238E-02
   2.4315E+00   2.8242E-02
   2.4315E+00   2.8242E-02
   2.4315E+00   2.8241E-02
   2.4315E+00   2.8241E-02
   2.4315E+00   2.8241E-02
   2.4315E+00   2.8241E-02
   2.4315E+00   2.8241E-02
   2.4315E+00   2.8241E-02
   2.4315E+00   2.8240E-02
   2.4316E+00   2.8240E-02
   2.4316E+00   2.8241E-02
   2.4317E+00   2.8242E-02
   2.4318E+00   2.8243E-02
   2.4320E+00   2.8246E-02
   2.4324E+00   2.8249E-02
   2.4326E+00   2.8252E-02
   2.4330E+00   2.8255E-02
   2.4333E+00   2.8258E-02
   2.4338E+00   2.8262E-02
   2.4341E+00   2.8264E-02
   2.4346E+00   2.8268E-02
   2.4349E+00   2.8271E-02
   2.4352E+00   2.8273E-02
   2.4355E+00   2.8275E-02
   2.4358E+00   2.8277E-02
   2.4362E+00   2.8280E-02
   2.4365E+00   2.8282E-02
   2.4369E+00   2.8285E-02
   2.4377E+00   2.8285E-02
   2.4377E+00   2.8285E-02
   2.4377E+00   2.8285E-02
   2.4377E+00   2.8285E-02
   2.4377E+00   2.8285E-02
   2.4377E+00   2.8285E-02
   2.4377E+00   2.8284E-02
   2.4378E+00   2.8284E-02
   2.4378E+00   2.8283E-02
   2.4378E+00   2.8282E-02
   2.4379E+00   2.8280E-02
   2.4380E+00   2.8278E-02
   2.4381E+00   2.8276E-02
   2.4384E+00   2.8274E-02
   2.4390E+00   2.8272E-02
   2.4399E+00   2.8269E-02
   2.4410E+00   2.8265E-02
   2.4429E+00   2.8263E-02
   2.4462E+00   2.8263E-02
   2.4510E+00   2.8268E-02
   2.4585E+00   2.8309E-02
   2.4660E+00   2.8354E-02
   2.4701E+00   2.8407E-02
   2.4701E+00   2.8408E-02
   2.4701E+00   2.8409E-02
   2.4701E+00   2.8409E-02
   2.4701E+00   2.8410E-02
   2.4701E+00   2.8411E-02
   2.4701E+00   2.8411E-02
   2.4701E+00   2.8412E-02
   2.4701E+00   2.8413E-02
   2.4701E+00   2.8415E-02
   2.4701E+00   2.8416E-02
   2.4701E+00   2.8418E-02
   2.4701E+00   2.8420E-02
   2.4701E+00   2.8423E-02
   2.4701E+00   2.8424E-02
   2.4701E+00   2.8425E-02
   2.4701E+00   2.8429E-02
   2.4701E+00   2.8432E-02
   2.4701E+00   2.8436E-02
   2.4701E+00   2.8440E-02
   2.4701E+00   2.8443E-02
   2.4701E+00   2.8447E-02
   2.4701E+00   2.8447E-02
   2.4701E+00   2.8447E-02
   2.4701E+00   2.8447E-02
   2.4701E+00   2.8447E-02
   2.4701E+00   2.8447E-02
   2.4701E+00   2.8448E-02
   2.4701E+00   2.8448E-02
   2.4701E+00   2.8449E-02
   2.4701E+00   2.8449E-02
   2.4701E+00   2.8450E-02
   2.4701E+00   2.8452E-02
   2.4701E+00   2.8455E-02
   2.4701E+00   2.8460E-02
   2.4701E+00   2.8469E-02
   2.4701E+00   2.8480E-02
   2.4701E+00   2.8488E-02
   2.4702E+00   2.8496E-02
   2.4702E+00   2.8503E-02
   2.4702E+00   2.8508E-02
   2.4703E+00   2.8506E-02
   2.4703E+00   2.8505E-02
   2.4703E+00   2.8503E-02
   2.4703E+00   2.8501E-02
   2.4704E+00   2.8500E-02
   2.4704E+00   2.8498E-02
   2.4704E+00   2.8496E-02
   2.4704E+00   2.8495E-02
   2.4704E+00   2.8494E-02
   2.4705E+00   2.8493E-02
   2.4705E+00   2.8493E-02
   2.4705E+00   2.8493E-02
   2.4705E+00   2.8492E-02
   2.4705E+00   2.8492E-02
   2.4705E+00   2.8492E-02
   2.4705E+00   2.8492E-02
   2.4705E+00   2.8492E-02
   2.4705E+00   2.8491E-02
   2.4705E+00   2.8491E-02
   2.4705E+00   2.8491E-02
   2.4706E+00   2.8491E-02
   2.4706E+00   2.8491E-02
   2.4706E+00   2.8491E-02
   2.4706E+00   2.8490E-02
   2.4707E+00   2.8490E-02
   2.4707E+00   2.8490E-02
   2.4708E+00   2.8489E-02
   2.4708E+00   2.8488E-02
   2.4708E+00   2.8488E-02
   2.4708E+00   2.8488E-02
   2.4709E+00   2.8488E-02
   2.4709E+00   2.8487E-02
   2.4709E+00   2.8487E-02
   2.4709E+00   2.8487E-02
   2.4709E+00   2.8487E-02
   2.4709E+00   2.8487E-02
   2.4709E+00   2.8487E-02
   2.4709E+00   2.8487E-02
   2.4709E+00   2.8487E-02
   2.4709E+00   2.8487E-02
   2.4709E+00   2.8487E-02
   2.4709E+00   2.8487E-02
   2.4710E+00   2.8487E-02
   2.4710E+00   2.8487E-02
   2.4710E+00   2.8487E-02
   2.4711E+00   2.8487E-02
   2.4711E+00   2.8487E-02
   2.4712E+00   2.8487E-02
   2.4713E+00   2.8487E-02
   2.4713E+00   2.8486E-02
   2.4713E+00   2.8486E-02
   2.4714E+00   2.8486E-02
   2.4714E+00   2.8485E-02
   2.4715E+00   2.8485E-02
   2.4716E+00   2.8484E-02
   2.4717E+00   2.8484E-02
   2.4720E+00   2.8482E-02
   2.4724E+00   2.8484E-02
   2.4732E+00   2.8488E-02
   2.4732E+00   2.8488E-02
   2.4732E+00   2.8488E-02
   2.4732E+00   2.8488E-02
   2.4732E+00   2.8488E-02
   2.4732E+00   2.8487E-02
   2.4732E+00   2.8487E-02
   2.4732E+00   2.8487E-02
   2.4732E+00   2.8486E-02
   2.4732E+00   2.8485E-02
   2.4733E+00   2.8483E-02
   2.4734E+00   2.8481E-02
   2.4735E+00   2.8480E-02
   2.4737E+00   2.8479E-02
   2.4741E+00   2.8479E-02
   2.4748E+00   2.8481E-02
   2.4748E+00   2.8481E-02
   2.4748E+00   2.8481E-02
   2.4748E+00   2.8480E-02
   2.4748E+00   2.8480E-02
   2.4748E+00   2.8480E-02
   2.4748E+00   2.8480E-02
   2.4748E+00   2.8479E-02
   2.4748E+00   2.8479E-02
   2.4748E+00   2.8478E-02
   2.4749E+00   2.8477E-02
   2.4750E+00   2.8475E-02
   2.4752E+00   2.8473E-02
   2.4756E+00   2.8469E-02
   2.4759E+00   2.8466E-02
   2.4763E+00   2.8461E-02
   2.4767E+00   2.8456E-02
   2.4771E+00   2.8453E-02
   2.4776E+00   2.8446E-02
   2.4787E+00   2.8437E-02
   2.4787E+00   2.8437E-02
   2.4787E+00   2.8437E-02
   2.4787E+00   2.8437E-02
   2.4787E+00   2.8437E-02
   2.4787E+00   2.8437E-02
   2.4787E+00   2.8436E-02
   2.4787E+00   2.8436E-02
   2.4787E+00   2.8436E-02
   2.4787E+00   2.8435E-02
   2.4787E+00   2.8434E-02
   2.4788E+00   2.8434E-02
   2.4789E+00   2.8435E-02
   2.4790E+00   2.8438E-02
   2.4793E+00   2.8444E-02
   2.4797E+00   2.8455E-02
   2.4804E+00   2.8472E-02
   2.4804E+00   2.8472E-02
   2.4804E+00   2.8472E-02
   2.4804E+00   2.8472E-02
   2.4804E+00   2.8472E-02
   2.4804E+00   2.8472E-02
   2.4804E+00   2.8472E-02
   2.4805E+00   2.8471E-02
   2.4805E+00   2.8471E-02
   2.4805E+00   2.8470E-02
   2.4805E+00   2.8470E-02
   2.4806E+00   2.8471E-02
   2.4808E+00   2.8473E-02
   2.4810E+00   2.8479E-02
   2.4814E+00   2.8476E-02
   2.4817E+00   2.8474E-02
   2.4823E+00   2.8469E-02
   2.4832E+00   2.8461E-02
   2.4832E+00   2.8461E-02
   2.4832E+00   2.8461E-02
   2.4833E+00   2.8461E-02
   2.4833E+00   2.8461E-02
   2.4833E+00   2.8461E-02
   2.4833E+00   2.8460E-02
   2.4833E+00   2.8460E-02
   2.4833E+00   2.8459E-02
   2.4833E+00   2.8458E-02
   2.4834E+00   2.8457E-02
   2.4835E+00   2.8456E-02
   2.4837E+00   2.8455E-02
   2.4840E+00   2.8452E-02
   2.4846E+00   2.8448E-02
   2.4851E+00   2.8444E-02
   2.4855E+00   2.8441E-02
   2.4859E+00   2.8448E-02
   2.4865E+00   2.8459E-02
   2.4865E+00   2.8459E-02
   2.4865E+00   2.8459E-02
   2.4865E+00   2.8459E-02
   2.4865E+00   2.8459E-02
   2.4865E+00   2.8459E-02
   2.4865E+00   2.8458E-02
   2.4865E+00   2.8457E-02
   2.4866E+00   2.8457E-02
   2.4866E+00   2.8458E-02
   2.4867E+00   2.8460E-02
   2.4869E+00   2.8464E-02
   2.4873E+00   2.8470E-02
   2.4878E+00   2.8480E-02
   2.4888E+00   2.8495E-02
   2.4888E+00   2.8495E-02
   2.4888E+00   2.8495E-02
   2.4888E+00   2.8495E-02
   2.4888E+00   2.8495E-02
   2.4889E+00   2.8495E-02
   2.4889E+00   2.8495E-02
   2.4889E+00   2.8495E-02
   2.4889E+00   2.8494E-02
   2.4889E+00   2.8494E-02
   2.4889E+00   2.8493E-02
   2.4889E+00   2.8492E-02
   2.4890E+00   2.8491E-02
   2.4892E+00   2.8491E-02
   2.4894E+00   2.8492E-02
   2.4898E+00   2.8493E-02
   2.4901E+00   2.8494E-02
   2.4906E+00   2.8496E-02
   2.4911E+00   2.8497E-02
   2.4914E+00   2.8498E-02
   2.4921E+00   2.8499E-02
   2.4921E+00   2.8499E-02
   2.4921E+00   2.8498E-02
   2.4921E+00   2.8498E-02
   2.4921E+00   2.8498E-02
   2.4921E+00   2.8498E-02
   2.4921E+00   2.8498E-02
   2.4921E+00   2.8497E-02
   2.4922E+00   2.8496E-02
   2.4922E+00   2.8495E-02
   2.4923E+00   2.8495E-02
   2.4925E+00   2.8495E-02
   2.4927E+00   2.8495E-02
   2.4932E+00   2.8493E-02
   2.4941E+00   2.8491E-02
   2.4955E+00   2.8489E-02
   2.4980E+00   2.8486E-02
   2.5022E+00   2.8485E-02
   2.5095E+00   2.8494E-02
   2.5170E+00   2.8505E-02
   2.5245E+00   2.8515E-02
   2.5320E+00   2.8524E-02
   2.5395E+00   2.8540E-02
   2.5470E+00   2.8569E-02
   2.5545E+00   2.8607E-02
   2.5620E+00   2.8645E-02
   2.5695E+00   2.8677E-02
   2.5770E+00   2.8700E-02
   2.5845E+00   2.8714E-02
   2.5920E+00   2.8721E-02
   2.5995E+00   2.8717E-02
   2.6070E+00   2.8709E-02
   2.6145E+00   2.8702E-02
   2.6190E+00   2.8720E-02
   2.6216E+00   2.8751E-02
   2.6248E+00   2.8790E-02
   2.6288E+00   2.8832E-02
   2.6358E+00   2.8881E-02
   2.6432E+00   2.8925E-02
   2.6507E+00   2.8956E-02
   2.6583E+00   2.8977E-02
   2.6658E+00   2.8989E-02
   2.6732E+00   2.8996E-02
   2.6807E+00   2.9001E-02
   2.6883E+00   2.9006E-02
   2.6957E+00   2.9028E-02
   2.7032E+00   2.9064E-02
   2.7108E+00   2.9105E-02
   2.7183E+00   2.9098E-02
   2.7257E+00   2.9090E-02
   2.7332E+00   2.9082E-02
   2.7408E+00   2.9074E-02
   2.7483E+00   2.9067E-02
   2.7557E+00   2.9059E-02
   2.7633E+00   2.9048E-02
   2.7708E+00   2.9050E-02
   2.7778E+00   2.9065E-02
   2.7853E+00   2.9088E-02
   2.7928E+00   2.9111E-02
   2.7976E+00   2.9118E-02
   2.8018E+00   2.9117E-02
   2.8054E+00   2.9110E-02
   2.8088E+00   2.9100E-02
   2.8146E+00   2.9088E-02
   2.8221E+00   2.9078E-02
   2.8296E+00   2.9070E-02
   2.8371E+00   2.9095E-02
   2.8446E+00   2.9142E-02
   2.8521E+00   2.9198E-02
   2.8596E+00   2.9252E-02
   2.8671E+00   2.9295E-02
   2.8746E+00   2.9325E-02
   2.8821E+00   2.9344E-02
   2.8896E+00   2.9353E-02
   2.8971E+00   2.9358E-02
   2.9046E+00   2.9360E-02
   2.9121E+00   2.9360E-02
   2.9194E+00   2.9381E-02
   2.9264E+00   2.9417E-02
   2.9339E+00   2.9461E-02
   2.9414E+00   2.9504E-02
   2.9489E+00   2.9538E-02
   2.9564E+00   2.9561E-02
   2.9639E+00   2.9576E-02
   2.9714E+00   2.9583E-02
   2.9789E+00   2.9638E-02
   2.9864E+00   2.9694E-02
   2.9933E+00   2.9759E-02
   2.9998E+00   2.9833E-02
   3.0073E+00   2.9918E-02
   3.0148E+00   3.0001E-02
   3.0199E+00   3.0051E-02
   3.0238E+00   3.0078E-02
   3.0268E+00   3.0092E-02
   3.0268E+00   3.0092E-02
   3.0268E+00   3.0092E-02
   3.0268E+00   3.0092E-02
   3.0268E+00   3.0091E-02
   3.0268E+00   3.0091E-02
   3.0268E+00   3.0091E-02
   3.0268E+00   3.0091E-02
   3.0268E+00   3.0091E-02
   3.0268E+00   3.0090E-02
   3.0268E+00   3.0090E-02
   3.0269E+00   3.0088E-02
   3.0269E+00   3.0086E-02
   3.0270E+00   3.0082E-02
   3.0272E+00   3.0074E-02
   3.0274E+00   3.0067E-02
   3.0279E+00   3.0059E-02
   3.0283E+00   3.0056E-02
   3.0285E+00   3.0055E-02
   3.0290E+00   3.0054E-02
   3.0293E+00   3.0053E-02
   3.0299E+00   3.0052E-02
   3.0303E+00   3.0052E-02
   3.0305E+00   3.0051E-02
   3.0310E+00   3.0050E-02
   3.0313E+00   3.0050E-02
   3.0319E+00   3.0049E-02
   3.0324E+00   3.0049E-02
   3.0327E+00   3.0049E-02
   3.0332E+00   3.0048E-02
   3.0336E+00   3.0048E-02
   3.0338E+00   3.0048E-02
   3.0343E+00   3.0049E-02
   3.0346E+00   3.0049E-02
   3.0352E+00   3.0049E-02
   3.0356E+00   3.0054E-02
   3.0359E+00   3.0058E-02
   3.0363E+00   3.0065E-02
   3.0367E+00   3.0073E-02
   3.0371E+00   3.0081E-02
   3.0374E+00   3.0086E-02
   3.0378E+00   3.0092E-02
   3.0380E+00   3.0097E-02
   3.0384E+00   3.0103E-02
   3.0390E+00   3.0111E-02
   3.0395E+00   3.0119E-02
   3.0399E+00   3.0124E-02
   3.0404E+00   3.0130E-02
   3.0406E+00   3.0134E-02
   3.0412E+00   3.0141E-02
   3.0415E+00   3.0145E-02
   3.0419E+00   3.0151E-02
   3.0422E+00   3.0155E-02
   3.0426E+00   3.0160E-02
   3.0428E+00   3.0163E-02
   3.0429E+00   3.0161E-02
   3.0431E+00   3.0159E-02
   3.0434E+00   3.0156E-02
   3.0439E+00   3.0151E-02
   3.0441E+00   3.0148E-02
   3.0445E+00   3.0144E-02
   3.0450E+00   3.0140E-02
   3.0456E+00   3.0135E-02
   3.0462E+00   3.0129E-02
   3.0464E+00   3.0127E-02
   3.0468E+00   3.0124E-02
   3.0471E+00   3.0122E-02
   3.0474E+00   3.0119E-02
   3.0477E+00   3.0117E-02
   3.0480E+00   3.0114E-02
   3.0483E+00   3.0113E-02
   3.0487E+00   3.0109E-02
   3.0489E+00   3.0108E-02
   3.0493E+00   3.0104E-02
   3.0495E+00   3.0103E-02
   3.0499E+00   3.0114E-02
   3.0503E+00   3.0128E-02
   3.0505E+00   3.0135E-02
   3.0505E+00   3.0137E-02
   3.0505E+00   3.0138E-02
   3.0505E+00   3.0139E-02
   3.0505E+00   3.0139E-02
   3.0505E+00   3.0140E-02
   3.0505E+00   3.0140E-02
   3.0505E+00   3.0141E-02
   3.0505E+00   3.0142E-02
   3.0505E+00   3.0143E-02
   3.0505E+00   3.0144E-02
   3.0505E+00   3.0145E-02
   3.0505E+00   3.0147E-02
   3.0505E+00   3.0149E-02
   3.0505E+00   3.0149E-02
   3.0505E+00   3.0149E-02
   3.0505E+00   3.0149E-02
   3.0505E+00   3.0149E-02
   3.0505E+00   3.0149E-02
   3.0505E+00   3.0149E-02
   3.0505E+00   3.0149E-02
   3.0505E+00   3.0149E-02
   3.0505E+00   3.0150E-02
   3.0505E+00   3.0151E-02
   3.0505E+00   3.0152E-02
   3.0506E+00   3.0155E-02
   3.0506E+00   3.0157E-02
   3.0506E+00   3.0160E-02
   3.0506E+00   3.0164E-02
   3.0506E+00   3.0169E-02
   3.0506E+00   3.0174E-02
   3.0506E+00   3.0181E-02
   3.0506E+00   3.0189E-02
   3.0506E+00   3.0198E-02
   3.0506E+00   3.0202E-02
   3.0506E+00   3.0209E-02
   3.0506E+00   3.0214E-02
   3.0506E+00   3.0217E-02
   3.0506E+00   3.0224E-02
   3.0506E+00   3.0234E-02
   3.0506E+00   3.0251E-02
   3.0506E+00   3.0276E-02
   3.0506E+00   3.0309E-02
   3.0507E+00   3.0341E-02
   3.0507E+00   3.0344E-02
   3.0507E+00   3.0343E-02
   3.0507E+00   3.0342E-02
   3.0507E+00   3.0340E-02
   3.0508E+00   3.0337E-02
   3.0508E+00   3.0335E-02
   3.0508E+00   3.0332E-02
   3.0508E+00   3.0329E-02
   3.0509E+00   3.0328E-02
   3.0509E+00   3.0327E-02
   3.0509E+00   3.0327E-02
   3.0510E+00   3.0328E-02
   3.0510E+00   3.0327E-02
   3.0510E+00   3.0327E-02
   3.0511E+00   3.0326E-02
   3.0511E+00   3.0326E-02
   3.0511E+00   3.0325E-02
   3.0512E+00   3.0325E-02
   3.0512E+00   3.0325E-02
   3.0513E+00   3.0324E-02
   3.0514E+00   3.0324E-02
   3.0515E+00   3.0323E-02
   3.0516E+00   3.0323E-02
   3.0517E+00   3.0323E-02
   3.0519E+00   3.0322E-02
   3.0519E+00   3.0322E-02
   3.0519E+00   3.0321E-02
   3.0519E+00   3.0320E-02
   3.0519E+00   3.0319E-02
   3.0520E+00   3.0318E-02
   3.0520E+00   3.0318E-02
   3.0520E+00   3.0318E-02
   3.0521E+00   3.0318E-02
   3.0521E+00   3.0318E-02
   3.0521E+00   3.0317E-02
   3.0521E+00   3.0317E-02
   3.0521E+00   3.0317E-02
   3.0521E+00   3.0317E-02
   3.0521E+00   3.0317E-02
   3.0521E+00   3.0317E-02
   3.0521E+00   3.0317E-02
   3.0521E+00   3.0317E-02
   3.0522E+00   3.0316E-02
   3.0522E+00   3.0316E-02
   3.0522E+00   3.0316E-02
   3.0522E+00   3.0316E-02
   3.0522E+00   3.0316E-02
   3.0522E+00   3.0316E-02
   3.0522E+00   3.0316E-02
   3.0522E+00   3.0316E-02
   3.0522E+00   3.0316E-02
   3.0523E+00   3.0316E-02
   3.0523E+00   3.0315E-02
   3.0523E+00   3.0315E-02
   3.0524E+00   3.0315E-02
   3.0525E+00   3.0316E-02
   3.0525E+00   3.0316E-02
   3.0526E+00   3.0316E-02
   3.0528E+00   3.0316E-02
   3.0529E+00   3.0317E-02
   3.0529E+00   3.0317E-02
   3.0530E+00   3.0318E-02
   3.0531E+00   3.0319E-02
   3.0533E+00   3.0320E-02
   3.0535E+00   3.0321E-02
   3.0539E+00   3.0323E-02
   3.0543E+00   3.0325E-02
   3.0545E+00   3.0326E-02
   3.0548E+00   3.0328E-02
   3.0550E+00   3.0329E-02
   3.0554E+00   3.0330E-02
   3.0556E+00   3.0331E-02
   3.0559E+00   3.0333E-02
   3.0561E+00   3.0328E-02
   3.0563E+00   3.0323E-02
   3.0566E+00   3.0314E-02
   3.0568E+00   3.0310E-02
   3.0572E+00   3.0302E-02
   3.0573E+00   3.0297E-02
   3.0577E+00   3.0290E-02
   3.0582E+00   3.0279E-02
   3.0584E+00   3.0274E-02
   3.0588E+00   3.0265E-02
   3.0594E+00   3.0254E-02
   3.0598E+00   3.0245E-02
   3.0600E+00   3.0239E-02
   3.0603E+00   3.0232E-02
   3.0605E+00   3.0228E-02
   3.0608E+00   3.0222E-02
   3.0612E+00   3.0213E-02
   3.0615E+00   3.0209E-02
   3.0618E+00   3.0203E-02
   3.0623E+00   3.0193E-02
   3.0626E+00   3.0190E-02
   3.0629E+00   3.0186E-02
   3.0635E+00   3.0178E-02
   3.0638E+00   3.0174E-02
   3.0643E+00   3.0166E-02
   3.0646E+00   3.0162E-02
   3.0647E+00   3.0160E-02
   3.0647E+00   3.0159E-02
   3.0648E+00   3.0158E-02
   3.0648E+00   3.0157E-02
   3.0648E+00   3.0156E-02
   3.0649E+00   3.0154E-02
   3.0649E+00   3.0152E-02
   3.0650E+00   3.0150E-02
   3.0652E+00   3.0147E-02
   3.0655E+00   3.0144E-02
   3.0657E+00   3.0141E-02
   3.0659E+00   3.0139E-02
   3.0662E+00   3.0135E-02
   3.0667E+00   3.0128E-02
   3.0670E+00   3.0129E-02
   3.0672E+00   3.0129E-02
   3.0673E+00   3.0128E-02
   3.0674E+00   3.0128E-02
   3.0675E+00   3.0128E-02
   3.0678E+00   3.0128E-02
   3.0682E+00   3.0128E-02
   3.0685E+00   3.0129E-02
   3.0689E+00   3.0129E-02
   3.0692E+00   3.0130E-02
   3.0695E+00   3.0130E-02
   3.0697E+00   3.0131E-02
   3.0701E+00   3.0131E-02
   3.0703E+00   3.0131E-02
   3.0706E+00   3.0131E-02
   3.0712E+00   3.0130E-02
   3.0714E+00   3.0130E-02
   3.0718E+00   3.0129E-02
   3.0720E+00   3.0129E-02
   3.0724E+00   3.0128E-02
   3.0727E+00   3.0132E-02
   3.0730E+00   3.0138E-02
   3.0735E+00   3.0146E-02
   3.0737E+00   3.0150E-02
   3.0739E+00   3.0155E-02
   3.0744E+00   3.0163E-02
   3.0746E+00   3.0167E-02
   3.0750E+00   3.0176E-02
   3.0753E+00   3.0181E-02
   3.0758E+00   3.0189E-02
   3.0760E+00   3.0194E-02
   3.0765E+00   3.0201E-02
   3.0768E+00   3.0205E-02
   3.0771E+00   3.0211E-02
   3.0777E+00   3.0219E-02
   3.0779E+00   3.0222E-02
   3.0782E+00   3.0228E-02
   3.0784E+00   3.0231E-02
   3.0787E+00   3.0236E-02
   3.0793E+00   3.0243E-02
   3.0795E+00   3.0245E-02
   3.0800E+00   3.0248E-02
   3.0802E+00   3.0249E-02
   3.0805E+00   3.0250E-02
   3.0806E+00   3.0249E-02
   3.0809E+00   3.0250E-02
   3.0815E+00   3.0251E-02
   3.0818E+00   3.0253E-02
   3.0824E+00   3.0255E-02
   3.0828E+00   3.0257E-02
   3.0830E+00   3.0258E-02
   3.0833E+00   3.0259E-02
   3.0835E+00   3.0260E-02
   3.0839E+00   3.0262E-02
   3.0842E+00   3.0263E-02
   3.0845E+00   3.0265E-02
   3.0847E+00   3.0266E-02
   3.0852E+00   3.0268E-02
   3.0854E+00   3.0269E-02
   3.0858E+00   3.0271E-02
   3.0860E+00   3.0269E-02
   3.0861E+00   3.0268E-02
   3.0863E+00   3.0266E-02
   3.0866E+00   3.0263E-02
   3.0869E+00   3.0261E-02
   3.0873E+00   3.0258E-02
   3.0873E+00   3.0258E-02
   3.0873E+00   3.0258E-02
   3.0874E+00   3.0258E-02
   3.0874E+00   3.0258E-02
   3.0875E+00   3.0258E-02
   3.0875E+00   3.0259E-02
   3.0875E+00   3.0259E-02
   3.0875E+00   3.0259E-02
   3.0875E+00   3.0259E-02
   3.0875E+00   3.0259E-02
   3.0875E+00   3.0259E-02
   3.0875E+00   3.0259E-02
   3.0876E+00   3.0259E-02
   3.0876E+00   3.0259E-02
   3.0876E+00   3.0260E-02
   3.0876E+00   3.0261E-02
   3.0876E+00   3.0262E-02
   3.0876E+00   3.0262E-02
   3.0876E+00   3.0262E-02
   3.0876E+00   3.0263E-02
   3.0876E+00   3.0263E-02
   3.0876E+00   3.0263E-02
   3.0877E+00   3.0264E-02
   3.0877E+00   3.0263E-02
   3.0877E+00   3.0263E-02
   3.0877E+00   3.0263E-02
   3.0877E+00   3.0264E-02
   3.0878E+00   3.0266E-02
   3.0879E+00   3.0269E-02
   3.0880E+00   3.0274E-02
   3.0883E+00   3.0281E-02
   3.0886E+00   3.0288E-02
   3.0886E+00   3.0288E-02
   3.0886E+00   3.0287E-02
   3.0886E+00   3.0286E-02
   3.0886E+00   3.0286E-02
   3.0886E+00   3.0285E-02
   3.0887E+00   3.0285E-02
   3.0887E+00   3.0284E-02
   3.0887E+00   3.0284E-02
   3.0888E+00   3.0285E-02
   3.0889E+00   3.0285E-02
   3.0890E+00   3.0286E-02
   3.0891E+00   3.0287E-02
   3.0891E+00   3.0287E-02
   3.0891E+00   3.0287E-02
   3.0892E+00   3.0287E-02
   3.0892E+00   3.0288E-02
   3.0892E+00   3.0288E-02
   3.0893E+00   3.0289E-02
   3.0893E+00   3.0290E-02
   3.0893E+00   3.0291E-02
   3.0894E+00   3.0291E-02
   3.0895E+00   3.0293E-02
   3.0896E+00   3.0294E-02
   3.0896E+00   3.0296E-02
   3.0897E+00   3.0297E-02
   3.0897E+00   3.0298E-02
   3.0897E+00   3.0298E-02
   3.0897E+00   3.0297E-02
   3.0898E+00   3.0296E-02
   3.0898E+00   3.0296E-02
   3.0898E+00   3.0297E-02
   3.0899E+00   3.0298E-02
   3.0900E+00   3.0300E-02
   3.0901E+00   3.0303E-02
   3.0902E+00   3.0305E-02
   3.0902E+00   3.0306E-02
   3.0903E+00   3.0307E-02
   3.0904E+00   3.0308E-02
   3.0905E+00   3.0309E-02
   3.0905E+00   3.0309E-02
   3.0906E+00   3.0311E-02
   3.0907E+00   3.0312E-02
   3.0909E+00   3.0314E-02
   3.0911E+00   3.0307E-02
   3.0916E+00   3.0295E-02
   3.0924E+00   3.0276E-02
   3.0924E+00   3.0276E-02
   3.0924E+00   3.0276E-02
   3.0924E+00   3.0276E-02
   3.0924E+00   3.0276E-02
   3.0924E+00   3.0275E-02
   3.0924E+00   3.0275E-02
   3.0924E+00   3.0275E-02
   3.0924E+00   3.0274E-02
   3.0924E+00   3.0273E-02
   3.0925E+00   3.0270E-02
   3.0926E+00   3.0268E-02
   3.0927E+00   3.0264E-02
   3.0929E+00   3.0258E-02
   3.0933E+00   3.0248E-02
   3.0940E+00   3.0232E-02
   3.0940E+00   3.0232E-02
   3.0940E+00   3.0232E-02
   3.0940E+00   3.0232E-02
   3.0940E+00   3.0232E-02
   3.0940E+00   3.0231E-02
   3.0940E+00   3.0231E-02
   3.0940E+00   3.0230E-02
   3.0940E+00   3.0229E-02
   3.0941E+00   3.0227E-02
   3.0942E+00   3.0226E-02
   3.0943E+00   3.0225E-02
   3.0945E+00   3.0222E-02
   3.0948E+00   3.0220E-02
   3.0952E+00   3.0217E-02
   3.0954E+00   3.0214E-02
   3.0958E+00   3.0211E-02
   3.0960E+00   3.0209E-02
   3.0964E+00   3.0205E-02
   3.0966E+00   3.0203E-02
   3.0970E+00   3.0199E-02
   3.0975E+00   3.0194E-02
   3.0977E+00   3.0192E-02
   3.0981E+00   3.0189E-02
   3.0984E+00   3.0187E-02
   3.0988E+00   3.0183E-02
   3.0990E+00   3.0181E-02
   3.0994E+00   3.0178E-02
   3.0996E+00   3.0181E-02
   3.1000E+00   3.0184E-02
   3.1001E+00   3.0184E-02
   3.1004E+00   3.0185E-02
   3.1010E+00   3.0188E-02
   3.1013E+00   3.0190E-02
   3.1016E+00   3.0192E-02
   3.1021E+00   3.0195E-02
   3.1025E+00   3.0198E-02
   3.1028E+00   3.0199E-02
   3.1033E+00   3.0202E-02
   3.1037E+00   3.0204E-02
   3.1041E+00   3.0206E-02
   3.1046E+00   3.0209E-02
   3.1051E+00   3.0211E-02
   3.1054E+00   3.0213E-02
   3.1058E+00   3.0215E-02
   3.1063E+00   3.0217E-02
   3.1067E+00   3.0219E-02
   3.1070E+00   3.0221E-02
   3.1073E+00   3.0221E-02
   3.1079E+00   3.0221E-02
   3.1082E+00   3.0221E-02
   3.1085E+00   3.0221E-02
   3.1089E+00   3.0222E-02
   3.1093E+00   3.0223E-02
   3.1098E+00   3.0224E-02
   3.1102E+00   3.0224E-02
   3.1105E+00   3.0225E-02
   3.1109E+00   3.0226E-02
   3.1112E+00   3.0226E-02
   3.1118E+00   3.0227E-02
   3.1122E+00   3.0228E-02
   3.1124E+00   3.0228E-02
   3.1129E+00   3.0229E-02
   3.1132E+00   3.0229E-02
   3.1137E+00   3.0230E-02
   3.1141E+00   3.0231E-02
   3.1143E+00   3.0231E-02
   3.1148E+00   3.0232E-02
   3.1155E+00   3.0247E-02
   3.1164E+00   3.0262E-02
   3.1179E+00   3.0287E-02
   3.1205E+00   3.0327E-02
   3.1250E+00   3.0394E-02
   3.1325E+00   3.0505E-02
   3.1400E+00   3.0632E-02
   3.1475E+00   3.0758E-02
   3.1550E+00   3.0863E-02
   3.1610E+00   3.0914E-02
   3.1685E+00   3.0955E-02
   3.1760E+00   3.0975E-02
   3.1835E+00   3.0982E-02
   3.1910E+00   3.0983E-02
   3.1985E+00   3.0981E-02
   3.2060E+00   3.0980E-02
   3.2135E+00   3.1031E-02
   3.2204E+00   3.1112E-02
   3.2279E+00   3.1121E-02
   3.2354E+00   3.1129E-02
   3.2429E+00   3.1113E-02
   3.2475E+00   3.1072E-02
   3.2502E+00   3.1161E-02
   3.2522E+00   3.3427E-02
   3.2556E+00   3.4289E-02
   3.2616E+00   3.7319E-02
   3.2691E+00   4.0671E-02
   3.2766E+00   4.3730E-02
   3.2841E+00   4.6245E-02
   3.2916E+00   4.8507E-02
   3.2991E+00   5.0622E-02
   3.3066E+00   5.2661E-02
   3.3141E+00   5.4637E-02
   3.3216E+00   5.6516E-02
   3.3291E+00   5.8238E-02
   3.3366E+00   5.9788E-02
   3.3441E+00   6.1158E-02
   3.3516E+00   6.2951E-02
   3.3591E+00   6.4241E-02
   3.3666E+00   6.5262E-02
   3.3741E+00   6.6148E-02
   3.3816E+00   6.7036E-02
   3.3891E+00   6.7981E-02
   3.3966E+00   6.8972E-02
   3.4041E+00   6.9981E-02
   3.4116E+00   7.0964E-02
   3.4191E+00   7.1886E-02
   3.4266E+00   7.2709E-02
   3.4341E+00   7.3210E-02
   3.4416E+00   7.3535E-02
   3.4491E+00   7.3775E-02
   3.4566E+00   7.4039E-02
   3.4641E+00   7.4329E-02
   3.4716E+00   7.4677E-02
   3.4791E+00   7.5061E-02
   3.4866E+00   7.5974E-02
   3.4941E+00   7.6773E-02
   3.5016E+00   7.7474E-02
   3.5091E+00   7.8077E-02
   3.5166E+00   7.8586E-02
   3.5241E+00   7.9023E-02
   3.5261E+00   7.9136E-02
   3.5274E+00   7.9200E-02
   3.5274E+00   7.9184E-02
   3.5274E+00   7.9183E-02
   3.5274E+00   7.9183E-02
   3.5274E+00   7.9183E-02
   3.5274E+00   7.9183E-02
   3.5274E+00   7.9183E-02
   3.5274E+00   7.9183E-02
   3.5274E+00   7.9183E-02
   3.5274E+00   7.9183E-02
   3.5274E+00   7.9183E-02
   3.5274E+00   7.9183E-02
   3.5274E+00   7.9183E-02
   3.5274E+00   7.9183E-02
   3.5274E+00   7.9183E-02
   3.5274E+00   7.9184E-02
   3.5274E+00   7.9184E-02
   3.5274E+00   7.9184E-02
   3.5274E+00   7.9184E-02
   3.5274E+00   7.9185E-02
   3.5274E+00   7.9186E-02
   3.5274E+00   7.9187E-02
   3.5274E+00   7.9187E-02
   3.5274E+00   7.9188E-02
   3.5274E+00   7.9188E-02
   3.5274E+00   7.9188E-02
   3.5274E+00   7.9188E-02
