# Trace from filein = ./62270n01                                                                                                                   
#   time        NI0                                                                                                                          
   2.0000E+00   2.7882E+01
   2.0000E+00   2.7931E+01
   2.0000E+00   2.7985E+01
   2.0001E+00   2.8044E+01
   2.0001E+00   2.8106E+01
   2.0001E+00   2.8171E+01
   2.0001E+00   2.8237E+01
   2.0001E+00   2.8304E+01
   2.0001E+00   2.8371E+01
   2.0001E+00   2.8439E+01
   2.0001E+00   2.8506E+01
   2.0002E+00   2.8573E+01
   2.0002E+00   2.8640E+01
   2.0002E+00   2.8707E+01
   2.0002E+00   2.8774E+01
   2.0002E+00   2.8843E+01
   2.0002E+00   2.8916E+01
   2.0003E+00   2.8994E+01
   2.0003E+00   2.9081E+01
   2.0003E+00   2.9183E+01
   2.0003E+00   2.9297E+01
   2.0004E+00   2.9460E+01
   2.0004E+00   2.9624E+01
   2.0005E+00   2.9730E+01
   2.0006E+00   2.9771E+01
   2.0006E+00   2.9783E+01
   2.0006E+00   2.9789E+01
   2.0007E+00   2.9795E+01
   2.0007E+00   2.9807E+01
   2.0008E+00   2.9822E+01
   2.0008E+00   2.9842E+01
   2.0009E+00   2.9865E+01
   2.0009E+00   2.9891E+01
   2.0010E+00   2.9917E+01
   2.0011E+00   2.9944E+01
   2.0012E+00   2.9973E+01
   2.0013E+00   3.0003E+01
   2.0014E+00   3.0035E+01
   2.0015E+00   3.0070E+01
   2.0016E+00   3.0108E+01
   2.0017E+00   3.0112E+01
   2.0019E+00   3.0119E+01
   2.0021E+00   3.0129E+01
   2.0024E+00   3.0145E+01
   2.0027E+00   3.0170E+01
   2.0032E+00   3.0203E+01
   2.0036E+00   3.0238E+01
   2.0040E+00   3.0263E+01
   2.0043E+00   3.0282E+01
   2.0045E+00   3.0293E+01
   2.0046E+00   3.0300E+01
   2.0047E+00   3.0304E+01
   2.0048E+00   3.0308E+01
   2.0049E+00   3.0315E+01
   2.0051E+00   3.0326E+01
   2.0054E+00   3.0345E+01
   2.0058E+00   3.0375E+01
   2.0063E+00   3.0416E+01
   2.0069E+00   3.0462E+01
   2.0069E+00   3.0463E+01
   2.0069E+00   3.0463E+01
   2.0070E+00   3.0463E+01
   2.0070E+00   3.0463E+01
   2.0070E+00   3.0463E+01
   2.0070E+00   3.0463E+01
   2.0070E+00   3.0463E+01
   2.0070E+00   3.0463E+01
   2.0070E+00   3.0463E+01
   2.0070E+00   3.0463E+01
   2.0070E+00   3.0463E+01
   2.0070E+00   3.0463E+01
   2.0070E+00   3.0464E+01
   2.0070E+00   3.0464E+01
   2.0070E+00   3.0464E+01
   2.0070E+00   3.0465E+01
   2.0070E+00   3.0469E+01
   2.0071E+00   3.0476E+01
   2.0071E+00   3.0491E+01
   2.0072E+00   3.0517E+01
   2.0074E+00   3.0561E+01
   2.0077E+00   3.0635E+01
   2.0082E+00   3.0757E+01
   2.0086E+00   3.0840E+01
   2.0088E+00   3.0880E+01
   2.0092E+00   3.0948E+01
   2.0098E+00   3.1065E+01
   2.0098E+00   3.1066E+01
   2.0098E+00   3.1065E+01
   2.0098E+00   3.1065E+01
   2.0098E+00   3.1065E+01
   2.0098E+00   3.1065E+01
   2.0098E+00   3.1065E+01
   2.0098E+00   3.1065E+01
   2.0098E+00   3.1065E+01
   2.0099E+00   3.1064E+01
   2.0099E+00   3.1064E+01
   2.0100E+00   3.1065E+01
   2.0102E+00   3.1067E+01
   2.0102E+00   2.8239E+01
   2.0102E+00   2.8239E+01
   2.0102E+00   2.8239E+01
   2.0102E+00   2.8239E+01
   2.0102E+00   2.8240E+01
   2.0102E+00   2.8240E+01
   2.0102E+00   2.8240E+01
   2.0102E+00   2.8240E+01
   2.0102E+00   2.8241E+01
   2.0102E+00   2.8241E+01
   2.0102E+00   2.8241E+01
   2.0102E+00   2.8242E+01
   2.0102E+00   2.8243E+01
   2.0102E+00   2.8243E+01
   2.0102E+00   2.8244E+01
   2.0102E+00   2.8245E+01
   2.0102E+00   2.8246E+01
   2.0102E+00   2.8248E+01
   2.0102E+00   2.8249E+01
   2.0102E+00   2.8251E+01
   2.0102E+00   2.8253E+01
   2.0102E+00   2.8255E+01
   2.0102E+00   2.8258E+01
   2.0102E+00   2.8262E+01
   2.0102E+00   2.8266E+01
   2.0102E+00   2.8272E+01
   2.0102E+00   2.8272E+01
   2.0102E+00   2.8272E+01
   2.0102E+00   2.8273E+01
   2.0102E+00   2.8273E+01
   2.0102E+00   2.8273E+01
   2.0102E+00   2.8273E+01
   2.0102E+00   2.8273E+01
   2.0102E+00   2.8273E+01
   2.0102E+00   2.8273E+01
   2.0102E+00   2.8273E+01
   2.0102E+00   2.8273E+01
   2.0102E+00   2.8273E+01
   2.0102E+00   2.8273E+01
   2.0102E+00   2.8274E+01
   2.0102E+00   2.8275E+01
   2.0102E+00   2.8276E+01
   2.0102E+00   2.8279E+01
   2.0103E+00   2.8282E+01
   2.0103E+00   2.8287E+01
   2.0103E+00   2.8290E+01
   2.0103E+00   2.8294E+01
   2.0103E+00   2.8297E+01
   2.0103E+00   2.8302E+01
   2.0103E+00   2.8308E+01
   2.0103E+00   2.8316E+01
   2.0103E+00   2.8324E+01
   2.0104E+00   2.8334E+01
   2.0104E+00   2.8342E+01
   2.0104E+00   2.8353E+01
   2.0105E+00   2.8363E+01
   2.0105E+00   2.8375E+01
   2.0105E+00   2.8387E+01
   2.0106E+00   2.8400E+01
   2.0106E+00   2.8414E+01
   2.0107E+00   2.8428E+01
   2.0107E+00   2.8443E+01
   2.0107E+00   2.8443E+01
   2.0107E+00   2.8444E+01
   2.0107E+00   2.8444E+01
   2.0107E+00   2.8444E+01
   2.0107E+00   2.8444E+01
   2.0107E+00   2.8445E+01
   2.0107E+00   2.8445E+01
   2.0107E+00   2.8445E+01
   2.0107E+00   2.8446E+01
   2.0107E+00   2.8447E+01
   2.0107E+00   2.8448E+01
   2.0107E+00   2.8449E+01
   2.0107E+00   2.8450E+01
   2.0108E+00   2.8453E+01
   2.0108E+00   2.8457E+01
   2.0108E+00   2.8463E+01
   2.0108E+00   2.8471E+01
   2.0108E+00   2.8479E+01
   2.0109E+00   2.8485E+01
   2.0109E+00   2.8486E+01
   2.0109E+00   2.8487E+01
   2.0109E+00   2.8488E+01
   2.0109E+00   2.8488E+01
   2.0109E+00   2.8488E+01
   2.0109E+00   2.8488E+01
   2.0109E+00   2.8489E+01
   2.0109E+00   2.8490E+01
   2.0109E+00   2.8492E+01
   2.0109E+00   2.8495E+01
   2.0109E+00   2.8501E+01
   2.0110E+00   2.8511E+01
   2.0110E+00   2.8526E+01
   2.0110E+00   2.8540E+01
   2.0111E+00   2.8552E+01
   2.0111E+00   2.8562E+01
   2.0111E+00   2.8569E+01
   2.0111E+00   2.8569E+01
   2.0111E+00   2.8570E+01
   2.0111E+00   2.8571E+01
   2.0112E+00   2.8574E+01
   2.0112E+00   2.8578E+01
   2.0112E+00   2.8585E+01
   2.0112E+00   2.8597E+01
   2.0113E+00   2.8608E+01
   2.0113E+00   2.8621E+01
   2.0114E+00   2.8631E+01
   2.0114E+00   2.8648E+01
   2.0115E+00   2.8677E+01
   2.0117E+00   2.8722E+01
   2.0121E+00   2.8787E+01
   2.0126E+00   2.8887E+01
   2.0126E+00   2.8888E+01
   2.0126E+00   2.8888E+01
   2.0126E+00   2.8888E+01
   2.0126E+00   2.8889E+01
   2.0126E+00   2.8890E+01
   2.0127E+00   2.8891E+01
   2.0127E+00   2.8894E+01
   2.0127E+00   2.8899E+01
   2.0127E+00   2.8907E+01
   2.0128E+00   2.8921E+01
   2.0129E+00   2.8944E+01
   2.0131E+00   2.8982E+01
   2.0135E+00   2.9044E+01
   2.0142E+00   2.9141E+01
   2.0142E+00   2.9141E+01
   2.0142E+00   2.9141E+01
   2.0142E+00   2.9141E+01
   2.0142E+00   2.9142E+01
   2.0142E+00   2.9142E+01
   2.0142E+00   2.9143E+01
   2.0142E+00   2.9145E+01
   2.0142E+00   2.9148E+01
   2.0142E+00   2.9153E+01
   2.0143E+00   2.9163E+01
   2.0144E+00   2.9180E+01
   2.0146E+00   2.9208E+01
   2.0148E+00   2.9254E+01
   2.0154E+00   2.9328E+01
   2.0162E+00   2.9445E+01
   2.0178E+00   2.9625E+01
   2.0204E+00   2.9896E+01
   2.0249E+00   3.0302E+01
   2.0324E+00   3.0898E+01
   2.0399E+00   3.1441E+01
   2.0474E+00   3.1928E+01
   2.0549E+00   3.2378E+01
   2.0624E+00   3.2805E+01
   2.0699E+00   3.3210E+01
   2.0774E+00   3.3599E+01
   2.0849E+00   3.3975E+01
   2.0924E+00   3.3163E+01
   2.0999E+00   3.3973E+01
   2.1074E+00   3.4714E+01
   2.1149E+00   3.5389E+01
   2.1224E+00   3.6008E+01
   2.1299E+00   3.6574E+01
   2.1374E+00   3.7096E+01
   2.1449E+00   3.7579E+01
   2.1524E+00   3.8031E+01
   2.1599E+00   3.8454E+01
   2.1674E+00   3.6746E+01
   2.1749E+00   3.7480E+01
   2.1824E+00   3.8147E+01
   2.1899E+00   3.8747E+01
   2.1974E+00   3.9285E+01
   2.2049E+00   3.9765E+01
   2.2124E+00   4.0197E+01
   2.2199E+00   4.0586E+01
   2.2274E+00   4.0940E+01
   2.2349E+00   4.1140E+01
   2.2423E+00   3.8386E+01
   2.2496E+00   3.8946E+01
   2.2571E+00   3.9449E+01
   2.2646E+00   3.9890E+01
   2.2721E+00   4.0277E+01
   2.2796E+00   4.0615E+01
   2.2871E+00   4.0914E+01
   2.2946E+00   4.1179E+01
   2.3021E+00   4.1416E+01
   2.3096E+00   4.1630E+01
   2.3171E+00   3.9110E+01
   2.3246E+00   3.9670E+01
   2.3321E+00   4.0169E+01
   2.3396E+00   4.0609E+01
   2.3471E+00   4.0998E+01
   2.3546E+00   4.1341E+01
   2.3621E+00   4.1645E+01
   2.3696E+00   4.1920E+01
   2.3738E+00   4.2076E+01
   2.3738E+00   4.2076E+01
   2.3738E+00   4.2076E+01
   2.3738E+00   4.2076E+01
   2.3738E+00   4.2076E+01
   2.3738E+00   4.2076E+01
   2.3738E+00   4.2076E+01
   2.3738E+00   4.2077E+01
   2.3738E+00   4.2078E+01
   2.3739E+00   4.2080E+01
   2.3739E+00   4.2082E+01
   2.3740E+00   4.2087E+01
   2.3742E+00   4.2094E+01
   2.3744E+00   4.2106E+01
   2.3749E+00   4.2125E+01
   2.3757E+00   4.2157E+01
   2.3770E+00   4.2208E+01
   2.3794E+00   4.2292E+01
   2.3833E+00   4.2423E+01
   2.3901E+00   3.9925E+01
   2.3956E+00   4.0391E+01
   2.3985E+00   4.0682E+01
   2.3985E+00   4.0687E+01
   2.3985E+00   4.0687E+01
   2.3985E+00   4.0687E+01
   2.3985E+00   4.0687E+01
   2.3985E+00   4.0687E+01
   2.3985E+00   4.0687E+01
   2.3985E+00   4.0687E+01
   2.3985E+00   4.0687E+01
   2.3985E+00   4.0688E+01
   2.3986E+00   4.0688E+01
   2.3986E+00   4.0688E+01
   2.3986E+00   4.0688E+01
   2.3986E+00   4.0688E+01
   2.3986E+00   4.0688E+01
   2.3986E+00   4.0689E+01
   2.3986E+00   4.0689E+01
   2.3986E+00   4.0690E+01
   2.3986E+00   4.0751E+01
   2.3986E+00   4.0816E+01
   2.3986E+00   4.0890E+01
   2.3986E+00   4.0975E+01
   2.3986E+00   4.1078E+01
   2.3986E+00   4.1201E+01
   2.3986E+00   4.1350E+01
   2.3986E+00   4.1533E+01
   2.3986E+00   4.1759E+01
   2.3986E+00   4.1988E+01
   2.3986E+00   4.2152E+01
   2.3986E+00   4.2237E+01
   2.3986E+00   4.2223E+01
   2.3987E+00   4.2222E+01
   2.3987E+00   4.2219E+01
   2.3987E+00   4.2218E+01
   2.3987E+00   4.2215E+01
   2.3987E+00   4.2214E+01
   2.3987E+00   4.2213E+01
   2.3987E+00   4.2212E+01
   2.3987E+00   4.2209E+01
   2.3987E+00   4.2205E+01
   2.3987E+00   4.2200E+01
   2.3987E+00   4.2194E+01
   2.3987E+00   4.2188E+01
   2.3988E+00   4.2183E+01
   2.3988E+00   4.2177E+01
   2.3988E+00   4.2172E+01
   2.3988E+00   4.2169E+01
   2.3988E+00   4.2167E+01
   2.3988E+00   4.2165E+01
   2.3988E+00   4.2162E+01
   2.3988E+00   4.2160E+01
   2.3989E+00   4.2156E+01
   2.3989E+00   4.2153E+01
   2.3989E+00   4.2153E+01
   2.3989E+00   4.2152E+01
   2.3989E+00   4.2152E+01
   2.3989E+00   4.2151E+01
   2.3989E+00   4.2150E+01
   2.3990E+00   4.2148E+01
   2.3990E+00   4.2145E+01
   2.3990E+00   4.2143E+01
   2.3991E+00   4.2141E+01
   2.3991E+00   4.2138E+01
   2.3991E+00   4.2138E+01
   2.3991E+00   4.2138E+01
   2.3991E+00   4.2138E+01
   2.3991E+00   4.2138E+01
   2.3991E+00   4.2138E+01
   2.3991E+00   4.2138E+01
   2.3991E+00   4.2137E+01
   2.3991E+00   4.2137E+01
   2.3991E+00   4.2136E+01
   2.3991E+00   4.2136E+01
   2.3991E+00   4.2135E+01
   2.3992E+00   4.2133E+01
   2.3992E+00   4.2131E+01
   2.3993E+00   4.2129E+01
   2.3993E+00   4.2127E+01
   2.3994E+00   4.2125E+01
   2.3994E+00   4.2125E+01
   2.3994E+00   4.2125E+01
   2.3994E+00   4.2124E+01
   2.3994E+00   4.2124E+01
   2.3994E+00   4.2124E+01
   2.3994E+00   4.2124E+01
   2.3994E+00   4.2124E+01
   2.3994E+00   4.2124E+01
   2.3994E+00   4.2124E+01
   2.3994E+00   4.2124E+01
   2.3994E+00   4.2124E+01
   2.3994E+00   4.2123E+01
   2.3994E+00   4.2123E+01
   2.3994E+00   4.2122E+01
   2.3995E+00   4.2121E+01
   2.3995E+00   4.2121E+01
   2.3995E+00   4.2120E+01
   2.3995E+00   4.2119E+01
   2.3995E+00   4.2118E+01
   2.3996E+00   4.2117E+01
   2.3996E+00   4.2117E+01
   2.3996E+00   4.2116E+01
   2.3997E+00   4.2115E+01
   2.3997E+00   4.2114E+01
   2.3997E+00   4.2113E+01
   2.3997E+00   4.2112E+01
   2.3998E+00   4.2111E+01
   2.3999E+00   4.2109E+01
   2.4000E+00   4.2106E+01
   2.4003E+00   4.2104E+01
   2.4008E+00   4.2107E+01
   2.4011E+00   4.2109E+01
   2.4016E+00   4.2120E+01
   2.4019E+00   4.2124E+01
   2.4024E+00   4.2136E+01
   2.4027E+00   4.2143E+01
   2.4032E+00   4.2160E+01
   2.4035E+00   4.2171E+01
   2.4038E+00   4.2179E+01
   2.4041E+00   4.2191E+01
   2.4044E+00   4.2199E+01
   2.4048E+00   4.2216E+01
   2.4051E+00   4.2226E+01
   2.4056E+00   4.2248E+01
   2.4059E+00   4.2262E+01
   2.4065E+00   4.2288E+01
   2.4065E+00   4.2288E+01
   2.4065E+00   4.2288E+01
   2.4065E+00   4.2288E+01
   2.4065E+00   4.2288E+01
   2.4065E+00   4.2289E+01
   2.4065E+00   4.2289E+01
   2.4065E+00   4.2290E+01
   2.4066E+00   4.2291E+01
   2.4066E+00   4.2293E+01
   2.4067E+00   4.2296E+01
   2.4069E+00   4.2303E+01
   2.4071E+00   4.2314E+01
   2.4076E+00   4.2333E+01
   2.4078E+00   4.2346E+01
   2.4083E+00   4.2367E+01
   2.4087E+00   4.2380E+01
   2.4092E+00   4.2404E+01
   2.4096E+00   4.2421E+01
   2.4099E+00   4.2431E+01
   2.4103E+00   4.2447E+01
   2.4105E+00   4.2458E+01
   2.4109E+00   4.2476E+01
   2.4112E+00   4.2488E+01
   2.4117E+00   4.2508E+01
   2.4121E+00   4.2521E+01
   2.4126E+00   4.2544E+01
   2.4130E+00   4.2556E+01
   2.4132E+00   4.2564E+01
   2.4134E+00   4.2573E+01
   2.4139E+00   4.2589E+01
   2.4141E+00   4.2597E+01
   2.4145E+00   4.2610E+01
   2.4147E+00   4.2618E+01
   2.4151E+00   4.2632E+01
   2.4156E+00   4.2651E+01
   2.4160E+00   4.2666E+01
   2.4162E+00   4.2674E+01
   2.4167E+00   4.2689E+01
   2.4169E+00   4.2699E+01
   2.4174E+00   4.2715E+01
   2.4176E+00   4.2725E+01
   2.4181E+00   4.2742E+01
   2.4184E+00   4.2752E+01
   2.4189E+00   4.2770E+01
   2.4192E+00   4.2780E+01
   2.4197E+00   4.2799E+01
   2.4198E+00   4.2803E+01
   2.4198E+00   4.2806E+01
   2.4198E+00   4.2808E+01
   2.4199E+00   4.2811E+01
   2.4199E+00   4.2813E+01
   2.4200E+00   4.2817E+01
   2.4201E+00   4.2823E+01
   2.4203E+00   4.2834E+01
   2.4206E+00   4.2853E+01
   2.4211E+00   4.2886E+01
   2.4220E+00   4.2941E+01
   2.4220E+00   4.2941E+01
   2.4220E+00   4.2941E+01
   2.4220E+00   4.2941E+01
   2.4220E+00   4.2941E+01
   2.4220E+00   4.2941E+01
   2.4220E+00   4.2941E+01
   2.4221E+00   4.2941E+01
   2.4221E+00   4.2941E+01
   2.4221E+00   4.2942E+01
   2.4221E+00   4.2942E+01
   2.4221E+00   4.2943E+01
   2.4222E+00   4.2945E+01
   2.4223E+00   4.2949E+01
   2.4226E+00   4.2955E+01
   2.4230E+00   4.2967E+01
   2.4232E+00   4.2977E+01
   2.4237E+00   4.2994E+01
   2.4241E+00   4.3008E+01
   2.4244E+00   4.3018E+01
   2.4249E+00   4.3038E+01
   2.4253E+00   4.3053E+01
   2.4256E+00   4.3065E+01
   2.4261E+00   4.3087E+01
   2.4265E+00   4.3103E+01
   2.4269E+00   4.3117E+01
   2.4274E+00   4.3141E+01
   2.4278E+00   4.3160E+01
   2.4282E+00   4.3174E+01
   2.4287E+00   4.3200E+01
   2.4292E+00   4.3225E+01
   2.4299E+00   4.3262E+01
   2.4299E+00   4.3263E+01
   2.4299E+00   4.3263E+01
   2.4299E+00   4.3263E+01
   2.4299E+00   4.3263E+01
   2.4299E+00   4.3263E+01
   2.4299E+00   4.3263E+01
   2.4299E+00   4.3263E+01
   2.4299E+00   4.3264E+01
   2.4300E+00   4.3265E+01
   2.4300E+00   4.3267E+01
   2.4301E+00   4.3270E+01
   2.4302E+00   4.3277E+01
   2.4304E+00   4.3289E+01
   2.4308E+00   4.3309E+01
   2.4315E+00   4.3343E+01
   2.4315E+00   4.3343E+01
   2.4315E+00   4.3343E+01
   2.4315E+00   4.3343E+01
   2.4315E+00   4.3343E+01
   2.4315E+00   4.3343E+01
   2.4315E+00   4.3343E+01
   2.4315E+00   4.3344E+01
   2.4315E+00   4.3344E+01
   2.4316E+00   4.3345E+01
   2.4316E+00   4.3347E+01
   2.4317E+00   4.3351E+01
   2.4318E+00   4.3358E+01
   2.4320E+00   4.3369E+01
   2.4324E+00   4.3387E+01
   2.4326E+00   4.3399E+01
   2.4330E+00   4.3419E+01
   2.4333E+00   4.3432E+01
   2.4338E+00   4.3454E+01
   2.4341E+00   4.3468E+01
   2.4346E+00   4.3491E+01
   2.4349E+00   4.3505E+01
   2.4352E+00   4.3514E+01
   2.4355E+00   4.3530E+01
   2.4358E+00   4.3540E+01
   2.4362E+00   4.3556E+01
   2.4365E+00   4.3567E+01
   2.4369E+00   4.3584E+01
   2.4377E+00   4.3672E+01
   2.4377E+00   4.3672E+01
   2.4377E+00   4.3672E+01
   2.4377E+00   4.3672E+01
   2.4377E+00   4.3672E+01
   2.4377E+00   4.3672E+01
   2.4377E+00   4.3673E+01
   2.4378E+00   4.3673E+01
   2.4378E+00   4.3673E+01
   2.4378E+00   4.3674E+01
   2.4379E+00   4.3675E+01
   2.4380E+00   4.3682E+01
   2.4381E+00   4.3698E+01
   2.4384E+00   4.3727E+01
   2.4390E+00   4.3776E+01
   2.4399E+00   4.3855E+01
   2.4410E+00   4.3946E+01
   2.4429E+00   4.4084E+01
   2.4462E+00   4.4293E+01
   2.4510E+00   4.4558E+01
   2.4585E+00   4.4615E+01
   2.4660E+00   4.0215E+01
   2.4701E+00   4.0646E+01
   2.4701E+00   4.0651E+01
   2.4701E+00   4.0652E+01
   2.4701E+00   4.0652E+01
   2.4701E+00   4.0652E+01
   2.4701E+00   4.0652E+01
   2.4701E+00   4.0652E+01
   2.4701E+00   4.0652E+01
   2.4701E+00   4.0653E+01
   2.4701E+00   4.0653E+01
   2.4701E+00   4.0653E+01
   2.4701E+00   4.0654E+01
   2.4701E+00   4.0654E+01
   2.4701E+00   4.0655E+01
   2.4701E+00   4.0655E+01
   2.4701E+00   4.0656E+01
   2.4701E+00   4.0656E+01
   2.4701E+00   4.0657E+01
   2.4701E+00   4.0658E+01
   2.4701E+00   4.0659E+01
   2.4701E+00   4.0660E+01
   2.4701E+00   4.0661E+01
   2.4701E+00   4.0661E+01
   2.4701E+00   4.0661E+01
   2.4701E+00   4.0661E+01
   2.4701E+00   4.0661E+01
   2.4701E+00   4.0661E+01
   2.4701E+00   4.0661E+01
   2.4701E+00   4.0661E+01
   2.4701E+00   4.0661E+01
   2.4701E+00   4.0661E+01
   2.4701E+00   4.0662E+01
   2.4701E+00   4.0662E+01
   2.4701E+00   4.0663E+01
   2.4701E+00   4.0664E+01
   2.4701E+00   4.0666E+01
   2.4701E+00   4.0669E+01
   2.4701E+00   4.0673E+01
   2.4702E+00   4.0677E+01
   2.4702E+00   4.0683E+01
   2.4702E+00   4.0692E+01
   2.4703E+00   4.0700E+01
   2.4703E+00   4.0704E+01
   2.4703E+00   4.0709E+01
   2.4703E+00   4.0713E+01
   2.4704E+00   4.0718E+01
   2.4704E+00   4.0722E+01
   2.4704E+00   4.0727E+01
   2.4704E+00   4.0731E+01
   2.4704E+00   4.0734E+01
   2.4705E+00   4.0738E+01
   2.4705E+00   4.0740E+01
   2.4705E+00   4.0741E+01
   2.4705E+00   4.0741E+01
   2.4705E+00   4.0742E+01
   2.4705E+00   4.0743E+01
   2.4705E+00   4.0743E+01
   2.4705E+00   4.0744E+01
   2.4705E+00   4.0745E+01
   2.4705E+00   4.0747E+01
   2.4705E+00   4.0750E+01
   2.4706E+00   4.0752E+01
   2.4706E+00   4.0757E+01
   2.4706E+00   4.0762E+01
   2.4706E+00   4.0768E+01
   2.4707E+00   4.0775E+01
   2.4707E+00   4.0782E+01
   2.4708E+00   4.0787E+01
   2.4708E+00   4.0791E+01
   2.4708E+00   4.0797E+01
   2.4708E+00   4.0802E+01
   2.4709E+00   4.0808E+01
   2.4709E+00   4.0813E+01
   2.4709E+00   4.0814E+01
   2.4709E+00   4.0815E+01
   2.4709E+00   4.0815E+01
   2.4709E+00   4.0815E+01
   2.4709E+00   4.0816E+01
   2.4709E+00   4.0816E+01
   2.4709E+00   4.0816E+01
   2.4709E+00   4.0816E+01
   2.4709E+00   4.0817E+01
   2.4709E+00   4.0818E+01
   2.4710E+00   4.0820E+01
   2.4710E+00   4.0824E+01
   2.4710E+00   4.0829E+01
   2.4711E+00   4.0836E+01
   2.4711E+00   4.0846E+01
   2.4712E+00   4.0856E+01
   2.4713E+00   4.0865E+01
   2.4713E+00   4.0872E+01
   2.4713E+00   4.0879E+01
   2.4714E+00   4.0885E+01
   2.4714E+00   4.0893E+01
   2.4715E+00   4.0900E+01
   2.4716E+00   4.0912E+01
   2.4717E+00   4.0933E+01
   2.4720E+00   4.0965E+01
   2.4724E+00   4.1015E+01
   2.4732E+00   4.1094E+01
   2.4732E+00   4.1094E+01
   2.4732E+00   4.1094E+01
   2.4732E+00   4.1094E+01
   2.4732E+00   4.1095E+01
   2.4732E+00   4.1095E+01
   2.4732E+00   4.1096E+01
   2.4732E+00   4.1097E+01
   2.4732E+00   4.1098E+01
   2.4732E+00   4.1101E+01
   2.4733E+00   4.1106E+01
   2.4734E+00   4.1115E+01
   2.4735E+00   4.1129E+01
   2.4737E+00   4.1153E+01
   2.4741E+00   4.1193E+01
   2.4748E+00   4.1259E+01
   2.4748E+00   4.1259E+01
   2.4748E+00   4.1259E+01
   2.4748E+00   4.1259E+01
   2.4748E+00   4.1259E+01
   2.4748E+00   4.1260E+01
   2.4748E+00   4.1261E+01
   2.4748E+00   4.1262E+01
   2.4748E+00   4.1265E+01
   2.4748E+00   4.1269E+01
   2.4749E+00   4.1276E+01
   2.4750E+00   4.1290E+01
   2.4752E+00   4.1312E+01
   2.4756E+00   4.1350E+01
   2.4759E+00   4.1379E+01
   2.4763E+00   4.1428E+01
   2.4767E+00   4.1468E+01
   2.4771E+00   4.1502E+01
   2.4776E+00   4.1559E+01
   2.4787E+00   4.1651E+01
   2.4787E+00   4.1651E+01
   2.4787E+00   4.1651E+01
   2.4787E+00   4.1651E+01
   2.4787E+00   4.1651E+01
   2.4787E+00   4.1651E+01
   2.4787E+00   4.1652E+01
   2.4787E+00   4.1652E+01
   2.4787E+00   4.1653E+01
   2.4787E+00   4.1654E+01
   2.4787E+00   4.1657E+01
   2.4788E+00   4.1662E+01
   2.4789E+00   4.1670E+01
   2.4790E+00   4.1685E+01
   2.4793E+00   4.1711E+01
   2.4797E+00   4.1756E+01
   2.4804E+00   4.1830E+01
   2.4804E+00   4.1830E+01
   2.4804E+00   4.1830E+01
   2.4804E+00   4.1830E+01
   2.4804E+00   4.1830E+01
   2.4804E+00   4.1831E+01
   2.4804E+00   4.1831E+01
   2.4805E+00   4.1832E+01
   2.4805E+00   4.1833E+01
   2.4805E+00   4.1835E+01
   2.4805E+00   4.1840E+01
   2.4806E+00   4.1847E+01
   2.4808E+00   4.1861E+01
   2.4810E+00   4.1885E+01
   2.4814E+00   4.1916E+01
   2.4817E+00   4.1941E+01
   2.4823E+00   4.1981E+01
   2.4832E+00   4.2044E+01
   2.4832E+00   4.2044E+01
   2.4832E+00   4.2044E+01
   2.4833E+00   4.2044E+01
   2.4833E+00   4.2044E+01
   2.4833E+00   4.2044E+01
   2.4833E+00   4.2045E+01
   2.4833E+00   4.2046E+01
   2.4833E+00   4.2047E+01
   2.4833E+00   4.2050E+01
   2.4834E+00   4.2054E+01
   2.4835E+00   4.2062E+01
   2.4837E+00   4.2076E+01
   2.4840E+00   4.2098E+01
   2.4846E+00   4.2134E+01
   2.4851E+00   4.2165E+01
   2.4855E+00   4.2190E+01
   2.4859E+00   4.2215E+01
   2.4865E+00   4.2256E+01
   2.4865E+00   4.2256E+01
   2.4865E+00   4.2256E+01
   2.4865E+00   4.2256E+01
   2.4865E+00   4.2257E+01
   2.4865E+00   4.2257E+01
   2.4865E+00   4.2258E+01
   2.4865E+00   4.2259E+01
   2.4866E+00   4.2262E+01
   2.4866E+00   4.2266E+01
   2.4867E+00   4.2273E+01
   2.4869E+00   4.2286E+01
   2.4873E+00   4.2308E+01
   2.4878E+00   4.2346E+01
   2.4888E+00   4.2409E+01
   2.4888E+00   4.2409E+01
   2.4888E+00   4.2409E+01
   2.4888E+00   4.2409E+01
   2.4888E+00   4.2409E+01
   2.4889E+00   4.2410E+01
   2.4889E+00   4.2410E+01
   2.4889E+00   4.2410E+01
   2.4889E+00   4.2410E+01
   2.4889E+00   4.2411E+01
   2.4889E+00   4.2413E+01
   2.4889E+00   4.2416E+01
   2.4890E+00   4.2422E+01
   2.4892E+00   4.2434E+01
   2.4894E+00   4.2456E+01
   2.4898E+00   4.2495E+01
   2.4901E+00   4.2526E+01
   2.4906E+00   4.2577E+01
   2.4911E+00   4.2620E+01
   2.4914E+00   4.2655E+01
   2.4921E+00   4.2713E+01
   2.4921E+00   4.2713E+01
   2.4921E+00   4.2713E+01
   2.4921E+00   4.2713E+01
   2.4921E+00   4.2714E+01
   2.4921E+00   4.2714E+01
   2.4921E+00   4.2714E+01
   2.4921E+00   4.2715E+01
   2.4922E+00   4.2717E+01
   2.4922E+00   4.2721E+01
   2.4923E+00   4.2729E+01
   2.4925E+00   4.2738E+01
   2.4927E+00   4.2754E+01
   2.4932E+00   4.2781E+01
   2.4941E+00   4.2824E+01
   2.4955E+00   4.2894E+01
   2.4980E+00   4.3003E+01
   2.5022E+00   4.3161E+01
   2.5095E+00   4.3395E+01
   2.5170E+00   4.3619E+01
   2.5245E+00   4.3825E+01
   2.5320E+00   4.4016E+01
   2.5395E+00   4.0630E+01
   2.5470E+00   4.1228E+01
   2.5545E+00   4.1766E+01
   2.5620E+00   4.2245E+01
   2.5695E+00   4.2671E+01
   2.5770E+00   4.3050E+01
   2.5845E+00   4.3387E+01
   2.5920E+00   4.3689E+01
   2.5995E+00   4.3903E+01
   2.6070E+00   4.4085E+01
   2.6145E+00   4.0542E+01
   2.6190E+00   4.0956E+01
   2.6216E+00   4.1209E+01
   2.6248E+00   4.1477E+01
   2.6288E+00   4.1764E+01
   2.6358E+00   4.2136E+01
   2.6432E+00   4.2475E+01
   2.6507E+00   4.2766E+01
   2.6583E+00   4.3017E+01
   2.6658E+00   4.3234E+01
   2.6732E+00   4.3424E+01
   2.6807E+00   4.3591E+01
   2.6883E+00   4.0054E+01
   2.6957E+00   4.0630E+01
   2.7032E+00   4.1139E+01
   2.7108E+00   4.1588E+01
   2.7183E+00   4.1983E+01
   2.7257E+00   4.2347E+01
   2.7332E+00   4.2685E+01
   2.7408E+00   4.3000E+01
   2.7483E+00   4.3294E+01
   2.7557E+00   4.3568E+01
   2.7633E+00   4.0578E+01
   2.7708E+00   4.1192E+01
   2.7778E+00   4.1722E+01
   2.7853E+00   4.2225E+01
   2.7928E+00   4.2679E+01
   2.7976E+00   4.2969E+01
   2.8018E+00   4.3212E+01
   2.8054E+00   4.3410E+01
   2.8088E+00   4.3586E+01
   2.8146E+00   4.3844E+01
   2.8221E+00   4.4134E+01
   2.8296E+00   4.4401E+01
   2.8371E+00   4.0864E+01
   2.8446E+00   4.1505E+01
   2.8521E+00   4.2063E+01
   2.8596E+00   4.2546E+01
   2.8671E+00   4.2963E+01
   2.8746E+00   4.3325E+01
   2.8821E+00   4.3640E+01
   2.8896E+00   4.3917E+01
   2.8971E+00   4.4162E+01
   2.9046E+00   4.4382E+01
   2.9121E+00   4.0480E+01
   2.9194E+00   4.1109E+01
   2.9264E+00   4.1654E+01
   2.9339E+00   4.2160E+01
   2.9414E+00   4.2605E+01
   2.9489E+00   4.2997E+01
   2.9564E+00   4.3342E+01
   2.9639E+00   4.3650E+01
   2.9714E+00   4.3924E+01
   2.9789E+00   4.4209E+01
   2.9864E+00   4.0603E+01
   2.9933E+00   4.1262E+01
   2.9998E+00   4.1824E+01
   3.0073E+00   4.2372E+01
   3.0148E+00   4.2862E+01
   3.0199E+00   4.3190E+01
   3.0238E+00   4.3425E+01
   3.0268E+00   4.3599E+01
   3.0268E+00   4.3599E+01
   3.0268E+00   4.3599E+01
   3.0268E+00   4.3599E+01
   3.0268E+00   4.3600E+01
   3.0268E+00   4.3600E+01
   3.0268E+00   4.3600E+01
   3.0268E+00   4.3600E+01
   3.0268E+00   4.3600E+01
   3.0268E+00   4.3600E+01
   3.0268E+00   4.3601E+01
   3.0269E+00   4.3602E+01
   3.0269E+00   4.3604E+01
   3.0270E+00   4.3607E+01
   3.0272E+00   4.3612E+01
   3.0274E+00   4.3621E+01
   3.0279E+00   4.3638E+01
   3.0283E+00   4.3652E+01
   3.0285E+00   4.3662E+01
   3.0290E+00   4.3679E+01
   3.0293E+00   4.3691E+01
   3.0299E+00   4.3712E+01
   3.0303E+00   4.3726E+01
   3.0305E+00   4.3736E+01
   3.0310E+00   4.3754E+01
   3.0313E+00   4.3766E+01
   3.0319E+00   4.3788E+01
   3.0324E+00   4.3804E+01
   3.0327E+00   4.3815E+01
   3.0332E+00   4.3834E+01
   3.0336E+00   4.3848E+01
   3.0338E+00   4.3858E+01
   3.0343E+00   4.3875E+01
   3.0346E+00   4.3887E+01
   3.0352E+00   4.3908E+01
   3.0356E+00   4.3935E+01
   3.0359E+00   4.3953E+01
   3.0363E+00   4.3979E+01
   3.0367E+00   4.4009E+01
   3.0371E+00   4.4042E+01
   3.0374E+00   4.4058E+01
   3.0378E+00   4.4085E+01
   3.0380E+00   4.4102E+01
   3.0384E+00   4.4129E+01
   3.0390E+00   4.4164E+01
   3.0395E+00   4.4198E+01
   3.0399E+00   4.4223E+01
   3.0404E+00   4.4252E+01
   3.0406E+00   4.4270E+01
   3.0412E+00   4.4301E+01
   3.0415E+00   4.4320E+01
   3.0419E+00   4.4347E+01
   3.0422E+00   4.4364E+01
   3.0426E+00   4.4387E+01
   3.0428E+00   4.4401E+01
   3.0429E+00   4.4405E+01
   3.0431E+00   4.4409E+01
   3.0434E+00   4.4417E+01
   3.0439E+00   4.4433E+01
   3.0441E+00   4.4442E+01
   3.0445E+00   4.4456E+01
   3.0450E+00   4.4473E+01
   3.0456E+00   4.4493E+01
   3.0462E+00   4.4518E+01
   3.0464E+00   4.4527E+01
   3.0468E+00   4.4541E+01
   3.0471E+00   4.4549E+01
   3.0474E+00   4.4564E+01
   3.0477E+00   4.4572E+01
   3.0480E+00   4.4587E+01
   3.0483E+00   4.4595E+01
   3.0487E+00   4.4610E+01
   3.0489E+00   4.4619E+01
   3.0493E+00   4.4634E+01
   3.0495E+00   4.4643E+01
   3.0499E+00   4.4660E+01
   3.0503E+00   4.4680E+01
   3.0505E+00   4.4689E+01
   3.0505E+00   3.9939E+01
   3.0505E+00   3.9939E+01
   3.0505E+00   3.9939E+01
   3.0505E+00   3.9939E+01
   3.0505E+00   3.9940E+01
   3.0505E+00   3.9940E+01
   3.0505E+00   3.9940E+01
   3.0505E+00   3.9940E+01
   3.0505E+00   3.9941E+01
   3.0505E+00   3.9941E+01
   3.0505E+00   3.9941E+01
   3.0505E+00   3.9942E+01
   3.0505E+00   3.9943E+01
   3.0505E+00   3.9943E+01
   3.0505E+00   3.9943E+01
   3.0505E+00   3.9943E+01
   3.0505E+00   3.9943E+01
   3.0505E+00   3.9943E+01
   3.0505E+00   3.9943E+01
   3.0505E+00   3.9943E+01
   3.0505E+00   3.9943E+01
   3.0505E+00   3.9943E+01
   3.0505E+00   3.9943E+01
   3.0505E+00   3.9944E+01
   3.0506E+00   3.9945E+01
   3.0506E+00   3.9946E+01
   3.0506E+00   3.9947E+01
   3.0506E+00   3.9949E+01
   3.0506E+00   3.9951E+01
   3.0506E+00   3.9953E+01
   3.0506E+00   3.9955E+01
   3.0506E+00   3.9959E+01
   3.0506E+00   3.9962E+01
   3.0506E+00   3.9964E+01
   3.0506E+00   3.9967E+01
   3.0506E+00   3.9968E+01
   3.0506E+00   3.9969E+01
   3.0506E+00   3.9970E+01
   3.0506E+00   3.9972E+01
   3.0506E+00   3.9976E+01
   3.0506E+00   3.9981E+01
   3.0506E+00   3.9988E+01
   3.0507E+00   3.9999E+01
   3.0507E+00   4.0001E+01
   3.0507E+00   4.0002E+01
   3.0507E+00   4.0005E+01
   3.0507E+00   4.0009E+01
   3.0508E+00   4.0014E+01
   3.0508E+00   4.0021E+01
   3.0508E+00   4.0027E+01
   3.0508E+00   4.0034E+01
   3.0509E+00   4.0041E+01
   3.0509E+00   4.0049E+01
   3.0509E+00   4.0057E+01
   3.0510E+00   4.0067E+01
   3.0510E+00   4.0072E+01
   3.0510E+00   4.0078E+01
   3.0511E+00   4.0087E+01
   3.0511E+00   4.0095E+01
   3.0511E+00   4.0105E+01
   3.0512E+00   4.0115E+01
   3.0512E+00   4.0128E+01
   3.0513E+00   4.0142E+01
   3.0514E+00   4.0159E+01
   3.0515E+00   4.0179E+01
   3.0516E+00   4.0201E+01
   3.0517E+00   4.0226E+01
   3.0519E+00   4.0254E+01
   3.0519E+00   4.0258E+01
   3.0519E+00   4.0261E+01
   3.0519E+00   4.0264E+01
   3.0519E+00   4.0268E+01
   3.0520E+00   4.0272E+01
   3.0520E+00   4.0278E+01
   3.0520E+00   4.0286E+01
   3.0521E+00   4.0298E+01
   3.0521E+00   4.0306E+01
   3.0521E+00   4.0309E+01
   3.0521E+00   4.0310E+01
   3.0521E+00   4.0310E+01
   3.0521E+00   4.0311E+01
   3.0521E+00   4.0311E+01
   3.0521E+00   4.0311E+01
   3.0521E+00   4.0312E+01
   3.0521E+00   4.0312E+01
   3.0522E+00   4.0313E+01
   3.0522E+00   4.0315E+01
   3.0522E+00   4.0319E+01
   3.0522E+00   4.0325E+01
   3.0522E+00   4.0335E+01
   3.0522E+00   4.0336E+01
   3.0522E+00   4.0336E+01
   3.0522E+00   4.0337E+01
   3.0522E+00   4.0339E+01
   3.0523E+00   4.0343E+01
   3.0523E+00   4.0351E+01
   3.0523E+00   4.0362E+01
   3.0524E+00   4.0380E+01
   3.0525E+00   4.0391E+01
   3.0525E+00   4.0406E+01
   3.0526E+00   4.0429E+01
   3.0528E+00   4.0461E+01
   3.0529E+00   4.0475E+01
   3.0529E+00   4.0490E+01
   3.0530E+00   4.0514E+01
   3.0531E+00   4.0531E+01
   3.0533E+00   4.0560E+01
   3.0535E+00   4.0607E+01
   3.0539E+00   4.0671E+01
   3.0543E+00   4.0745E+01
   3.0545E+00   4.0780E+01
   3.0548E+00   4.0836E+01
   3.0550E+00   4.0870E+01
   3.0554E+00   4.0924E+01
   3.0556E+00   4.0956E+01
   3.0559E+00   4.1008E+01
   3.0561E+00   4.1027E+01
   3.0563E+00   4.1048E+01
   3.0566E+00   4.1083E+01
   3.0568E+00   4.1102E+01
   3.0572E+00   4.1135E+01
   3.0573E+00   4.1154E+01
   3.0577E+00   4.1185E+01
   3.0582E+00   4.1233E+01
   3.0584E+00   4.1254E+01
   3.0588E+00   4.1291E+01
   3.0594E+00   4.1338E+01
   3.0598E+00   4.1375E+01
   3.0600E+00   4.1397E+01
   3.0603E+00   4.1426E+01
   3.0605E+00   4.1443E+01
   3.0608E+00   4.1465E+01
   3.0612E+00   4.1502E+01
   3.0615E+00   4.1523E+01
   3.0618E+00   4.1548E+01
   3.0623E+00   4.1589E+01
   3.0626E+00   4.1612E+01
   3.0629E+00   4.1636E+01
   3.0635E+00   4.1677E+01
   3.0638E+00   4.1703E+01
   3.0643E+00   4.1743E+01
   3.0646E+00   4.1761E+01
   3.0647E+00   4.1771E+01
   3.0647E+00   4.1774E+01
   3.0648E+00   4.1776E+01
   3.0648E+00   4.1777E+01
   3.0648E+00   4.1779E+01
   3.0649E+00   4.1782E+01
   3.0649E+00   4.1787E+01
   3.0650E+00   4.1795E+01
   3.0652E+00   4.1811E+01
   3.0655E+00   4.1829E+01
   3.0657E+00   4.1844E+01
   3.0659E+00   4.1859E+01
   3.0662E+00   4.1880E+01
   3.0667E+00   4.1917E+01
   3.0670E+00   4.1946E+01
   3.0672E+00   4.1962E+01
   3.0673E+00   4.1970E+01
   3.0674E+00   4.1977E+01
   3.0675E+00   4.1990E+01
   3.0678E+00   4.2012E+01
   3.0682E+00   4.2050E+01
   3.0685E+00   4.2072E+01
   3.0689E+00   4.2110E+01
   3.0692E+00   4.2132E+01
   3.0695E+00   4.2162E+01
   3.0697E+00   4.2180E+01
   3.0701E+00   4.2207E+01
   3.0703E+00   4.2225E+01
   3.0706E+00   4.2255E+01
   3.0712E+00   4.2297E+01
   3.0714E+00   4.2319E+01
   3.0718E+00   4.2350E+01
   3.0720E+00   4.2369E+01
   3.0724E+00   4.2401E+01
   3.0727E+00   4.2424E+01
   3.0730E+00   4.2452E+01
   3.0735E+00   4.2495E+01
   3.0737E+00   4.2514E+01
   3.0739E+00   4.2537E+01
   3.0744E+00   4.2575E+01
   3.0746E+00   4.2598E+01
   3.0750E+00   4.2638E+01
   3.0753E+00   4.2662E+01
   3.0758E+00   4.2703E+01
   3.0760E+00   4.2728E+01
   3.0765E+00   4.2770E+01
   3.0768E+00   4.2790E+01
   3.0771E+00   4.2824E+01
   3.0777E+00   4.2868E+01
   3.0779E+00   4.2886E+01
   3.0782E+00   4.2917E+01
   3.0784E+00   4.2936E+01
   3.0787E+00   4.2962E+01
   3.0793E+00   4.3006E+01
   3.0795E+00   4.3022E+01
   3.0800E+00   4.3051E+01
   3.0802E+00   4.3065E+01
   3.0805E+00   4.3081E+01
   3.0806E+00   4.3091E+01
   3.0809E+00   4.3111E+01
   3.0815E+00   4.3148E+01
   3.0818E+00   4.3169E+01
   3.0824E+00   4.3208E+01
   3.0828E+00   4.3235E+01
   3.0830E+00   4.3249E+01
   3.0833E+00   4.3274E+01
   3.0835E+00   4.3289E+01
   3.0839E+00   4.3315E+01
   3.0842E+00   4.3331E+01
   3.0845E+00   4.3358E+01
   3.0847E+00   4.3374E+01
   3.0852E+00   4.3402E+01
   3.0854E+00   4.3419E+01
   3.0858E+00   4.3449E+01
   3.0860E+00   4.3464E+01
   3.0861E+00   4.3471E+01
   3.0863E+00   4.3482E+01
   3.0866E+00   4.3502E+01
   3.0869E+00   4.3523E+01
   3.0873E+00   4.3547E+01
   3.0873E+00   4.3548E+01
   3.0873E+00   4.3550E+01
   3.0874E+00   4.3554E+01
   3.0874E+00   4.3556E+01
   3.0875E+00   4.3560E+01
   3.0875E+00   4.3562E+01
   3.0875E+00   4.3564E+01
   3.0875E+00   4.3565E+01
   3.0875E+00   4.3566E+01
   3.0875E+00   4.3566E+01
   3.0875E+00   4.3566E+01
   3.0875E+00   4.3566E+01
   3.0876E+00   4.3566E+01
   3.0876E+00   4.3567E+01
   3.0876E+00   4.3569E+01
   3.0876E+00   4.3573E+01
   3.0876E+00   4.3574E+01
   3.0876E+00   4.3574E+01
   3.0876E+00   4.3575E+01
   3.0876E+00   4.3576E+01
   3.0876E+00   4.3576E+01
   3.0876E+00   4.3578E+01
   3.0877E+00   4.3579E+01
   3.0877E+00   4.3580E+01
   3.0877E+00   4.3581E+01
   3.0877E+00   4.3583E+01
   3.0877E+00   4.3588E+01
   3.0878E+00   4.3597E+01
   3.0879E+00   4.3609E+01
   3.0880E+00   4.3627E+01
   3.0883E+00   4.3659E+01
   3.0886E+00   4.3695E+01
   3.0886E+00   4.3697E+01
   3.0886E+00   4.3698E+01
   3.0886E+00   4.3699E+01
   3.0886E+00   4.3700E+01
   3.0886E+00   4.3701E+01
   3.0887E+00   4.3701E+01
   3.0887E+00   4.3703E+01
   3.0887E+00   4.3707E+01
   3.0888E+00   4.3712E+01
   3.0889E+00   4.3717E+01
   3.0890E+00   4.3722E+01
   3.0891E+00   4.3729E+01
   3.0891E+00   4.3731E+01
   3.0891E+00   4.3733E+01
   3.0892E+00   4.3736E+01
   3.0892E+00   4.3738E+01
   3.0892E+00   4.3740E+01
   3.0893E+00   4.3741E+01
   3.0893E+00   4.3743E+01
   3.0893E+00   4.3745E+01
   3.0894E+00   4.3749E+01
   3.0895E+00   4.3756E+01
   3.0896E+00   4.3762E+01
   3.0896E+00   4.3767E+01
   3.0897E+00   4.3771E+01
   3.0897E+00   4.3771E+01
   3.0897E+00   4.3772E+01
   3.0897E+00   4.3774E+01
   3.0898E+00   4.3774E+01
   3.0898E+00   4.3776E+01
   3.0898E+00   4.3778E+01
   3.0899E+00   4.3782E+01
   3.0900E+00   4.3789E+01
   3.0901E+00   4.3800E+01
   3.0902E+00   4.3804E+01
   3.0902E+00   4.3807E+01
   3.0903E+00   4.3813E+01
   3.0904E+00   4.3819E+01
   3.0905E+00   4.3824E+01
   3.0905E+00   4.3829E+01
   3.0906E+00   4.3837E+01
   3.0907E+00   4.3843E+01
   3.0909E+00   4.3853E+01
   3.0911E+00   4.3871E+01
   3.0916E+00   4.3901E+01
   3.0924E+00   4.3952E+01
   3.0924E+00   4.3952E+01
   3.0924E+00   4.3952E+01
   3.0924E+00   4.3952E+01
   3.0924E+00   4.3952E+01
   3.0924E+00   4.3952E+01
   3.0924E+00   4.3952E+01
   3.0924E+00   4.3953E+01
   3.0924E+00   4.3953E+01
   3.0924E+00   4.3954E+01
   3.0925E+00   4.3956E+01
   3.0926E+00   4.3960E+01
   3.0927E+00   4.3968E+01
   3.0929E+00   4.3982E+01
   3.0933E+00   4.4007E+01
   3.0940E+00   4.4048E+01
   3.0940E+00   4.4048E+01
   3.0940E+00   4.4048E+01
   3.0940E+00   4.4048E+01
   3.0940E+00   4.4048E+01
   3.0940E+00   4.4049E+01
   3.0940E+00   4.4049E+01
   3.0940E+00   4.4050E+01
   3.0940E+00   4.4051E+01
   3.0941E+00   4.4053E+01
   3.0942E+00   4.4057E+01
   3.0943E+00   4.4064E+01
   3.0945E+00   4.4074E+01
   3.0948E+00   4.4086E+01
   3.0952E+00   4.4103E+01
   3.0954E+00   4.4113E+01
   3.0958E+00   4.4131E+01
   3.0960E+00   4.4142E+01
   3.0964E+00   4.4160E+01
   3.0966E+00   4.4171E+01
   3.0970E+00   4.4188E+01
   3.0975E+00   4.4212E+01
   3.0977E+00   4.4223E+01
   3.0981E+00   4.4241E+01
   3.0984E+00   4.4252E+01
   3.0988E+00   4.4270E+01
   3.0990E+00   4.4281E+01
   3.0994E+00   4.4299E+01
   3.0996E+00   4.4310E+01
   3.1000E+00   4.4326E+01
   3.1001E+00   4.4334E+01
   3.1004E+00   4.4348E+01
   3.1010E+00   4.4372E+01
   3.1013E+00   4.4389E+01
   3.1016E+00   4.4403E+01
   3.1021E+00   4.4426E+01
   3.1025E+00   4.4443E+01
   3.1028E+00   4.4456E+01
   3.1033E+00   4.4479E+01
   3.1037E+00   4.4497E+01
   3.1041E+00   4.4511E+01
   3.1046E+00   4.4535E+01
   3.1051E+00   4.4555E+01
   3.1054E+00   4.4570E+01
   3.1058E+00   4.4583E+01
   3.1063E+00   4.4605E+01
   3.1067E+00   4.4623E+01
   3.1070E+00   4.4637E+01
   3.1073E+00   4.4649E+01
   3.1079E+00   4.4670E+01
   3.1082E+00   4.4684E+01
   3.1085E+00   4.4695E+01
   3.1089E+00   4.4713E+01
   3.1093E+00   4.4726E+01
   3.1098E+00   4.4748E+01
   3.1102E+00   4.4763E+01
   3.1105E+00   4.4773E+01
   3.1109E+00   4.4792E+01
   3.1112E+00   4.4804E+01
   3.1118E+00   4.4826E+01
   3.1122E+00   4.4841E+01
   3.1124E+00   4.4851E+01
   3.1129E+00   4.4869E+01
   3.1132E+00   4.4881E+01
   3.1137E+00   4.4902E+01
   3.1141E+00   4.4916E+01
   3.1143E+00   4.4925E+01
   3.1148E+00   4.4942E+01
   3.1155E+00   4.4981E+01
   3.1164E+00   4.5026E+01
   3.1179E+00   4.5111E+01
   3.1205E+00   4.5279E+01
   3.1250E+00   4.5604E+01
   3.1325E+00   4.1751E+01
   3.1400E+00   4.2790E+01
   3.1475E+00   4.3768E+01
   3.1550E+00   4.4663E+01
   3.1610E+00   4.5325E+01
   3.1685E+00   4.6066E+01
   3.1760E+00   4.6743E+01
   3.1835E+00   4.7389E+01
   3.1910E+00   4.7993E+01
   3.1985E+00   4.8559E+01
   3.2060E+00   4.2815E+01
   3.2135E+00   4.3910E+01
   3.2204E+00   4.4877E+01
   3.2279E+00   4.6576E+01
   3.2354E+00   4.7915E+01
   3.2429E+00   4.8923E+01
   3.2475E+00   4.9457E+01
   3.2502E+00   4.9645E+01
   3.2522E+00   4.9861E+01
   3.2556E+00   5.0152E+01
   3.2616E+00   5.0594E+01
   3.2691E+00   5.1038E+01
   3.2766E+00   5.1366E+01
   3.2841E+00   4.2137E+01
   3.2916E+00   4.3893E+01
   3.2991E+00   4.5377E+01
   3.3066E+00   4.6510E+01
   3.3141E+00   4.7287E+01
   3.3216E+00   4.7800E+01
   3.3291E+00   4.8153E+01
   3.3366E+00   4.8428E+01
   3.3441E+00   4.8666E+01
   3.3516E+00   4.8302E+01
   3.3591E+00   3.9303E+01
   3.3666E+00   4.0498E+01
   3.3741E+00   4.1683E+01
   3.3816E+00   4.2762E+01
   3.3891E+00   4.3666E+01
   3.3966E+00   4.4362E+01
   3.4041E+00   4.4866E+01
   3.4116E+00   4.5223E+01
   3.4191E+00   4.5483E+01
   3.4266E+00   4.5688E+01
   3.4341E+00   3.9576E+01
   3.4416E+00   4.0719E+01
   3.4491E+00   4.1814E+01
   3.4566E+00   4.2806E+01
   3.4641E+00   4.3657E+01
   3.4716E+00   4.4342E+01
   3.4791E+00   4.4867E+01
   3.4866E+00   4.4901E+01
   3.4941E+00   4.4893E+01
   3.5016E+00   4.4867E+01
   3.5091E+00   4.4833E+01
   3.5166E+00   4.4797E+01
   3.5241E+00   4.4757E+01
   3.5261E+00   4.4747E+01
   3.5274E+00   4.4743E+01
   3.5274E+00   4.4743E+01
   3.5274E+00   4.4743E+01
   3.5274E+00   4.4743E+01
   3.5274E+00   4.4743E+01
   3.5274E+00   4.4743E+01
   3.5274E+00   4.4743E+01
   3.5274E+00   4.4743E+01
   3.5274E+00   4.4743E+01
   3.5274E+00   4.4743E+01
   3.5274E+00   4.4743E+01
   3.5274E+00   4.4743E+01
   3.5274E+00   4.4743E+01
   3.5274E+00   4.4744E+01
   3.5274E+00   4.4744E+01
   3.5274E+00   4.4744E+01
   3.5274E+00   4.4744E+01
   3.5274E+00   4.4744E+01
   3.5274E+00   4.4745E+01
   3.5274E+00   4.4746E+01
   3.5274E+00   4.4747E+01
   3.5274E+00   4.4748E+01
   3.5274E+00   4.4749E+01
   3.5274E+00   4.4750E+01
   3.5274E+00   4.4750E+01
   3.5274E+00   4.4750E+01
   3.5274E+00   4.4750E+01
