# Trace from filein = ./62270n01                                                                                                                   
#   time        NE0                                                                                                                          
   2.0000E+00   3.4132E+01
   2.0000E+00   3.4182E+01
   2.0000E+00   3.4236E+01
   2.0001E+00   3.4296E+01
   2.0001E+00   3.4359E+01
   2.0001E+00   3.4425E+01
   2.0001E+00   3.4492E+01
   2.0001E+00   3.4560E+01
   2.0001E+00   3.4629E+01
   2.0001E+00   3.4697E+01
   2.0001E+00   3.4766E+01
   2.0002E+00   3.4834E+01
   2.0002E+00   3.4902E+01
   2.0002E+00   3.4970E+01
   2.0002E+00   3.5039E+01
   2.0002E+00   3.5109E+01
   2.0002E+00   3.5184E+01
   2.0003E+00   3.5264E+01
   2.0003E+00   3.5353E+01
   2.0003E+00   3.5458E+01
   2.0003E+00   3.5574E+01
   2.0004E+00   3.5739E+01
   2.0004E+00   3.5908E+01
   2.0005E+00   3.6018E+01
   2.0006E+00   3.6064E+01
   2.0006E+00   3.6079E+01
   2.0006E+00   3.6089E+01
   2.0007E+00   3.6098E+01
   2.0007E+00   3.6113E+01
   2.0008E+00   3.6133E+01
   2.0008E+00   3.6157E+01
   2.0009E+00   3.6185E+01
   2.0009E+00   3.6215E+01
   2.0010E+00   3.6248E+01
   2.0011E+00   3.6281E+01
   2.0012E+00   3.6315E+01
   2.0013E+00   3.6352E+01
   2.0014E+00   3.6391E+01
   2.0015E+00   3.6434E+01
   2.0016E+00   3.6480E+01
   2.0017E+00   3.6493E+01
   2.0019E+00   3.6510E+01
   2.0021E+00   3.6532E+01
   2.0024E+00   3.6563E+01
   2.0027E+00   3.6607E+01
   2.0032E+00   3.6660E+01
   2.0036E+00   3.6713E+01
   2.0040E+00   3.6752E+01
   2.0043E+00   3.6783E+01
   2.0045E+00   3.6802E+01
   2.0046E+00   3.6813E+01
   2.0047E+00   3.6821E+01
   2.0048E+00   3.6829E+01
   2.0049E+00   3.6840E+01
   2.0051E+00   3.6857E+01
   2.0054E+00   3.6884E+01
   2.0058E+00   3.6925E+01
   2.0063E+00   3.6980E+01
   2.0069E+00   3.7038E+01
   2.0069E+00   3.7040E+01
   2.0069E+00   3.7040E+01
   2.0070E+00   3.7040E+01
   2.0070E+00   3.7041E+01
   2.0070E+00   3.7041E+01
   2.0070E+00   3.7041E+01
   2.0070E+00   3.7041E+01
   2.0070E+00   3.7041E+01
   2.0070E+00   3.7041E+01
   2.0070E+00   3.7041E+01
   2.0070E+00   3.7041E+01
   2.0070E+00   3.7042E+01
   2.0070E+00   3.7042E+01
   2.0070E+00   3.7042E+01
   2.0070E+00   3.7042E+01
   2.0070E+00   3.7044E+01
   2.0070E+00   3.7048E+01
   2.0071E+00   3.7057E+01
   2.0071E+00   3.7073E+01
   2.0072E+00   3.7101E+01
   2.0074E+00   3.7149E+01
   2.0077E+00   3.7230E+01
   2.0082E+00   3.7362E+01
   2.0086E+00   3.7453E+01
   2.0088E+00   3.7496E+01
   2.0092E+00   3.7571E+01
   2.0098E+00   3.7698E+01
   2.0098E+00   3.7699E+01
   2.0098E+00   3.7699E+01
   2.0098E+00   3.7699E+01
   2.0098E+00   3.7699E+01
   2.0098E+00   3.7699E+01
   2.0098E+00   3.7699E+01
   2.0098E+00   3.7699E+01
   2.0098E+00   3.7699E+01
   2.0099E+00   3.7699E+01
   2.0099E+00   3.7700E+01
   2.0100E+00   3.7703E+01
   2.0102E+00   3.7708E+01
   2.0102E+00   3.4258E+01
   2.0102E+00   3.4258E+01
   2.0102E+00   3.4258E+01
   2.0102E+00   3.4258E+01
   2.0102E+00   3.4258E+01
   2.0102E+00   3.4259E+01
   2.0102E+00   3.4259E+01
   2.0102E+00   3.4259E+01
   2.0102E+00   3.4260E+01
   2.0102E+00   3.4260E+01
   2.0102E+00   3.4260E+01
   2.0102E+00   3.4261E+01
   2.0102E+00   3.4262E+01
   2.0102E+00   3.4263E+01
   2.0102E+00   3.4264E+01
   2.0102E+00   3.4264E+01
   2.0102E+00   3.4266E+01
   2.0102E+00   3.4267E+01
   2.0102E+00   3.4269E+01
   2.0102E+00   3.4270E+01
   2.0102E+00   3.4273E+01
   2.0102E+00   3.4275E+01
   2.0102E+00   3.4278E+01
   2.0102E+00   3.4282E+01
   2.0102E+00   3.4287E+01
   2.0102E+00   3.4293E+01
   2.0102E+00   3.4294E+01
   2.0102E+00   3.4294E+01
   2.0102E+00   3.4294E+01
   2.0102E+00   3.4294E+01
   2.0102E+00   3.4294E+01
   2.0102E+00   3.4294E+01
   2.0102E+00   3.4294E+01
   2.0102E+00   3.4294E+01
   2.0102E+00   3.4294E+01
   2.0102E+00   3.4294E+01
   2.0102E+00   3.4294E+01
   2.0102E+00   3.4295E+01
   2.0102E+00   3.4295E+01
   2.0102E+00   3.4296E+01
   2.0102E+00   3.4297E+01
   2.0102E+00   3.4298E+01
   2.0102E+00   3.4301E+01
   2.0103E+00   3.4305E+01
   2.0103E+00   3.4310E+01
   2.0103E+00   3.4313E+01
   2.0103E+00   3.4318E+01
   2.0103E+00   3.4321E+01
   2.0103E+00   3.4327E+01
   2.0103E+00   3.4333E+01
   2.0103E+00   3.4342E+01
   2.0103E+00   3.4352E+01
   2.0104E+00   3.4363E+01
   2.0104E+00   3.4372E+01
   2.0104E+00   3.4383E+01
   2.0105E+00   3.4396E+01
   2.0105E+00   3.4410E+01
   2.0105E+00   3.4423E+01
   2.0106E+00   3.4437E+01
   2.0106E+00   3.4453E+01
   2.0107E+00   3.4470E+01
   2.0107E+00   3.4487E+01
   2.0107E+00   3.4487E+01
   2.0107E+00   3.4487E+01
   2.0107E+00   3.4488E+01
   2.0107E+00   3.4488E+01
   2.0107E+00   3.4488E+01
   2.0107E+00   3.4489E+01
   2.0107E+00   3.4489E+01
   2.0107E+00   3.4489E+01
   2.0107E+00   3.4490E+01
   2.0107E+00   3.4491E+01
   2.0107E+00   3.4493E+01
   2.0107E+00   3.4493E+01
   2.0107E+00   3.4495E+01
   2.0108E+00   3.4498E+01
   2.0108E+00   3.4503E+01
   2.0108E+00   3.4510E+01
   2.0108E+00   3.4519E+01
   2.0108E+00   3.4528E+01
   2.0109E+00   3.4535E+01
   2.0109E+00   3.4536E+01
   2.0109E+00   3.4538E+01
   2.0109E+00   3.4538E+01
   2.0109E+00   3.4539E+01
   2.0109E+00   3.4539E+01
   2.0109E+00   3.4539E+01
   2.0109E+00   3.4540E+01
   2.0109E+00   3.4541E+01
   2.0109E+00   3.4543E+01
   2.0109E+00   3.4547E+01
   2.0109E+00   3.4554E+01
   2.0110E+00   3.4565E+01
   2.0110E+00   3.4583E+01
   2.0110E+00   3.4598E+01
   2.0111E+00   3.4612E+01
   2.0111E+00   3.4623E+01
   2.0111E+00   3.4631E+01
   2.0111E+00   3.4632E+01
   2.0111E+00   3.4633E+01
   2.0111E+00   3.4634E+01
   2.0112E+00   3.4637E+01
   2.0112E+00   3.4642E+01
   2.0112E+00   3.4650E+01
   2.0112E+00   3.4663E+01
   2.0113E+00   3.4677E+01
   2.0113E+00   3.4692E+01
   2.0114E+00   3.4704E+01
   2.0114E+00   3.4723E+01
   2.0115E+00   3.4756E+01
   2.0117E+00   3.4809E+01
   2.0121E+00   3.4886E+01
   2.0126E+00   3.5006E+01
   2.0126E+00   3.5006E+01
   2.0126E+00   3.5007E+01
   2.0126E+00   3.5007E+01
   2.0126E+00   3.5008E+01
   2.0126E+00   3.5009E+01
   2.0127E+00   3.5011E+01
   2.0127E+00   3.5014E+01
   2.0127E+00   3.5020E+01
   2.0127E+00   3.5029E+01
   2.0128E+00   3.5046E+01
   2.0129E+00   3.5074E+01
   2.0131E+00   3.5121E+01
   2.0135E+00   3.5195E+01
   2.0142E+00   3.5312E+01
   2.0142E+00   3.5313E+01
   2.0142E+00   3.5313E+01
   2.0142E+00   3.5313E+01
   2.0142E+00   3.5313E+01
   2.0142E+00   3.5314E+01
   2.0142E+00   3.5315E+01
   2.0142E+00   3.5318E+01
   2.0142E+00   3.5321E+01
   2.0142E+00   3.5328E+01
   2.0143E+00   3.5340E+01
   2.0144E+00   3.5360E+01
   2.0146E+00   3.5394E+01
   2.0148E+00   3.5449E+01
   2.0154E+00   3.5539E+01
   2.0162E+00   3.5677E+01
   2.0178E+00   3.5886E+01
   2.0204E+00   3.6194E+01
   2.0249E+00   3.6637E+01
   2.0324E+00   3.7243E+01
   2.0399E+00   3.7777E+01
   2.0474E+00   3.8234E+01
   2.0549E+00   3.8631E+01
   2.0624E+00   3.8985E+01
   2.0699E+00   3.9300E+01
   2.0774E+00   3.9585E+01
   2.0849E+00   3.9841E+01
   2.0924E+00   3.7988E+01
   2.0999E+00   3.8781E+01
   2.1074E+00   3.9488E+01
   2.1149E+00   4.0115E+01
   2.1224E+00   4.0671E+01
   2.1299E+00   4.1164E+01
   2.1374E+00   4.1602E+01
   2.1449E+00   4.1994E+01
   2.1524E+00   4.2346E+01
   2.1599E+00   4.2665E+01
   2.1674E+00   4.0044E+01
   2.1749E+00   4.0752E+01
   2.1824E+00   4.1381E+01
   2.1899E+00   4.1932E+01
   2.1974E+00   4.2412E+01
   2.2049E+00   4.2826E+01
   2.2124E+00   4.3185E+01
   2.2199E+00   4.3497E+01
   2.2274E+00   4.3771E+01
   2.2349E+00   4.3868E+01
   2.2423E+00   4.0462E+01
   2.2496E+00   4.0981E+01
   2.2571E+00   4.1436E+01
   2.2646E+00   4.1826E+01
   2.2721E+00   4.2159E+01
   2.2796E+00   4.2443E+01
   2.2871E+00   4.2684E+01
   2.2946E+00   4.2891E+01
   2.3021E+00   4.3069E+01
   2.3096E+00   4.3224E+01
   2.3171E+00   4.0384E+01
   2.3246E+00   4.0912E+01
   2.3321E+00   4.1374E+01
   2.3396E+00   4.1778E+01
   2.3471E+00   4.2130E+01
   2.3546E+00   4.2435E+01
   2.3621E+00   4.2700E+01
   2.3696E+00   4.2944E+01
   2.3738E+00   4.3080E+01
   2.3738E+00   4.3080E+01
   2.3738E+00   4.3080E+01
   2.3738E+00   4.3080E+01
   2.3738E+00   4.3080E+01
   2.3738E+00   4.3080E+01
   2.3738E+00   4.3081E+01
   2.3738E+00   4.3081E+01
   2.3738E+00   4.3082E+01
   2.3739E+00   4.3083E+01
   2.3739E+00   4.3086E+01
   2.3740E+00   4.3090E+01
   2.3742E+00   4.3096E+01
   2.3744E+00   4.3107E+01
   2.3749E+00   4.3124E+01
   2.3757E+00   4.3152E+01
   2.3770E+00   4.3196E+01
   2.3794E+00   4.3267E+01
   2.3833E+00   4.3380E+01
   2.3901E+00   4.0702E+01
   2.3956E+00   4.1161E+01
   2.3985E+00   4.1449E+01
   2.3985E+00   4.1454E+01
   2.3985E+00   4.1455E+01
   2.3985E+00   4.1455E+01
   2.3985E+00   4.1455E+01
   2.3985E+00   4.1455E+01
   2.3985E+00   4.1455E+01
   2.3985E+00   4.1455E+01
   2.3985E+00   4.1455E+01
   2.3985E+00   4.1455E+01
   2.3986E+00   4.1455E+01
   2.3986E+00   4.1455E+01
   2.3986E+00   4.1456E+01
   2.3986E+00   4.1456E+01
   2.3986E+00   4.1456E+01
   2.3986E+00   4.1457E+01
   2.3986E+00   4.1457E+01
   2.3986E+00   4.1458E+01
   2.3986E+00   4.1519E+01
   2.3986E+00   4.1584E+01
   2.3986E+00   4.1657E+01
   2.3986E+00   4.1742E+01
   2.3986E+00   4.1844E+01
   2.3986E+00   4.1966E+01
   2.3986E+00   4.2114E+01
   2.3986E+00   4.2296E+01
   2.3986E+00   4.2520E+01
   2.3986E+00   4.2746E+01
   2.3986E+00   4.2906E+01
   2.3986E+00   4.2986E+01
   2.3986E+00   4.2969E+01
   2.3987E+00   4.2967E+01
   2.3987E+00   4.2964E+01
   2.3987E+00   4.2962E+01
   2.3987E+00   4.2959E+01
   2.3987E+00   4.2958E+01
   2.3987E+00   4.2957E+01
   2.3987E+00   4.2955E+01
   2.3987E+00   4.2951E+01
   2.3987E+00   4.2947E+01
   2.3987E+00   4.2939E+01
   2.3987E+00   4.2932E+01
   2.3987E+00   4.2924E+01
   2.3988E+00   4.2917E+01
   2.3988E+00   4.2910E+01
   2.3988E+00   4.2903E+01
   2.3988E+00   4.2899E+01
   2.3988E+00   4.2897E+01
   2.3988E+00   4.2894E+01
   2.3988E+00   4.2890E+01
   2.3988E+00   4.2887E+01
   2.3989E+00   4.2882E+01
   2.3989E+00   4.2879E+01
   2.3989E+00   4.2878E+01
   2.3989E+00   4.2878E+01
   2.3989E+00   4.2877E+01
   2.3989E+00   4.2876E+01
   2.3989E+00   4.2874E+01
   2.3990E+00   4.2872E+01
   2.3990E+00   4.2870E+01
   2.3990E+00   4.2867E+01
   2.3991E+00   4.2865E+01
   2.3991E+00   4.2862E+01
   2.3991E+00   4.2862E+01
   2.3991E+00   4.2862E+01
   2.3991E+00   4.2862E+01
   2.3991E+00   4.2862E+01
   2.3991E+00   4.2862E+01
   2.3991E+00   4.2862E+01
   2.3991E+00   4.2861E+01
   2.3991E+00   4.2861E+01
   2.3991E+00   4.2861E+01
   2.3991E+00   4.2860E+01
   2.3991E+00   4.2859E+01
   2.3992E+00   4.2857E+01
   2.3992E+00   4.2856E+01
   2.3993E+00   4.2855E+01
   2.3993E+00   4.2854E+01
   2.3994E+00   4.2853E+01
   2.3994E+00   4.2852E+01
   2.3994E+00   4.2852E+01
   2.3994E+00   4.2852E+01
   2.3994E+00   4.2852E+01
   2.3994E+00   4.2852E+01
   2.3994E+00   4.2852E+01
   2.3994E+00   4.2852E+01
   2.3994E+00   4.2852E+01
   2.3994E+00   4.2852E+01
   2.3994E+00   4.2852E+01
   2.3994E+00   4.2851E+01
   2.3994E+00   4.2851E+01
   2.3994E+00   4.2851E+01
   2.3994E+00   4.2851E+01
   2.3995E+00   4.2850E+01
   2.3995E+00   4.2850E+01
   2.3995E+00   4.2849E+01
   2.3995E+00   4.2849E+01
   2.3995E+00   4.2849E+01
   2.3996E+00   4.2848E+01
   2.3996E+00   4.2848E+01
   2.3996E+00   4.2848E+01
   2.3997E+00   4.2848E+01
   2.3997E+00   4.2847E+01
   2.3997E+00   4.2847E+01
   2.3997E+00   4.2847E+01
   2.3998E+00   4.2847E+01
   2.3999E+00   4.2846E+01
   2.4000E+00   4.2846E+01
   2.4003E+00   4.2847E+01
   2.4008E+00   4.2854E+01
   2.4011E+00   4.2859E+01
   2.4016E+00   4.2871E+01
   2.4019E+00   4.2878E+01
   2.4024E+00   4.2891E+01
   2.4027E+00   4.2900E+01
   2.4032E+00   4.2917E+01
   2.4035E+00   4.2929E+01
   2.4038E+00   4.2937E+01
   2.4041E+00   4.2950E+01
   2.4044E+00   4.2958E+01
   2.4048E+00   4.2974E+01
   2.4051E+00   4.2985E+01
   2.4056E+00   4.3006E+01
   2.4059E+00   4.3020E+01
   2.4065E+00   4.3045E+01
   2.4065E+00   4.3045E+01
   2.4065E+00   4.3045E+01
   2.4065E+00   4.3045E+01
   2.4065E+00   4.3045E+01
   2.4065E+00   4.3046E+01
   2.4065E+00   4.3046E+01
   2.4065E+00   4.3046E+01
   2.4066E+00   4.3048E+01
   2.4066E+00   4.3049E+01
   2.4067E+00   4.3053E+01
   2.4069E+00   4.3059E+01
   2.4071E+00   4.3070E+01
   2.4076E+00   4.3088E+01
   2.4078E+00   4.3099E+01
   2.4083E+00   4.3119E+01
   2.4087E+00   4.3131E+01
   2.4092E+00   4.3153E+01
   2.4096E+00   4.3169E+01
   2.4099E+00   4.3177E+01
   2.4103E+00   4.3192E+01
   2.4105E+00   4.3201E+01
   2.4109E+00   4.3218E+01
   2.4112E+00   4.3228E+01
   2.4117E+00   4.3246E+01
   2.4121E+00   4.3258E+01
   2.4126E+00   4.3278E+01
   2.4130E+00   4.3290E+01
   2.4132E+00   4.3296E+01
   2.4134E+00   4.3304E+01
   2.4139E+00   4.3319E+01
   2.4141E+00   4.3326E+01
   2.4145E+00   4.3338E+01
   2.4147E+00   4.3345E+01
   2.4151E+00   4.3358E+01
   2.4156E+00   4.3375E+01
   2.4160E+00   4.3388E+01
   2.4162E+00   4.3396E+01
   2.4167E+00   4.3410E+01
   2.4169E+00   4.3418E+01
   2.4174E+00   4.3432E+01
   2.4176E+00   4.3441E+01
   2.4181E+00   4.3456E+01
   2.4184E+00   4.3465E+01
   2.4189E+00   4.3481E+01
   2.4192E+00   4.3490E+01
   2.4197E+00   4.3507E+01
   2.4198E+00   4.3511E+01
   2.4198E+00   4.3513E+01
   2.4198E+00   4.3515E+01
   2.4199E+00   4.3518E+01
   2.4199E+00   4.3520E+01
   2.4200E+00   4.3523E+01
   2.4201E+00   4.3528E+01
   2.4203E+00   4.3538E+01
   2.4206E+00   4.3555E+01
   2.4211E+00   4.3585E+01
   2.4220E+00   4.3633E+01
   2.4220E+00   4.3633E+01
   2.4220E+00   4.3633E+01
   2.4220E+00   4.3633E+01
   2.4220E+00   4.3633E+01
   2.4220E+00   4.3633E+01
   2.4220E+00   4.3633E+01
   2.4221E+00   4.3633E+01
   2.4221E+00   4.3633E+01
   2.4221E+00   4.3634E+01
   2.4221E+00   4.3634E+01
   2.4221E+00   4.3635E+01
   2.4222E+00   4.3636E+01
   2.4223E+00   4.3639E+01
   2.4226E+00   4.3645E+01
   2.4230E+00   4.3655E+01
   2.4232E+00   4.3663E+01
   2.4237E+00   4.3678E+01
   2.4241E+00   4.3689E+01
   2.4244E+00   4.3698E+01
   2.4249E+00   4.3715E+01
   2.4253E+00   4.3728E+01
   2.4256E+00   4.3738E+01
   2.4261E+00   4.3757E+01
   2.4265E+00   4.3772E+01
   2.4269E+00   4.3783E+01
   2.4274E+00   4.3804E+01
   2.4278E+00   4.3821E+01
   2.4282E+00   4.3833E+01
   2.4287E+00   4.3856E+01
   2.4292E+00   4.3878E+01
   2.4299E+00   4.3911E+01
   2.4299E+00   4.3911E+01
   2.4299E+00   4.3911E+01
   2.4299E+00   4.3911E+01
   2.4299E+00   4.3911E+01
   2.4299E+00   4.3911E+01
   2.4299E+00   4.3911E+01
   2.4299E+00   4.3911E+01
   2.4299E+00   4.3912E+01
   2.4300E+00   4.3913E+01
   2.4300E+00   4.3914E+01
   2.4301E+00   4.3917E+01
   2.4302E+00   4.3923E+01
   2.4304E+00   4.3933E+01
   2.4308E+00   4.3951E+01
   2.4315E+00   4.3980E+01
   2.4315E+00   4.3980E+01
   2.4315E+00   4.3980E+01
   2.4315E+00   4.3980E+01
   2.4315E+00   4.3980E+01
   2.4315E+00   4.3980E+01
   2.4315E+00   4.3980E+01
   2.4315E+00   4.3981E+01
   2.4315E+00   4.3981E+01
   2.4316E+00   4.3982E+01
   2.4316E+00   4.3984E+01
   2.4317E+00   4.3987E+01
   2.4318E+00   4.3993E+01
   2.4320E+00   4.4003E+01
   2.4324E+00   4.4019E+01
   2.4326E+00   4.4029E+01
   2.4330E+00   4.4047E+01
   2.4333E+00   4.4058E+01
   2.4338E+00   4.4077E+01
   2.4341E+00   4.4089E+01
   2.4346E+00   4.4108E+01
   2.4349E+00   4.4121E+01
   2.4352E+00   4.4129E+01
   2.4355E+00   4.4142E+01
   2.4358E+00   4.4150E+01
   2.4362E+00   4.4164E+01
   2.4365E+00   4.4173E+01
   2.4369E+00   4.4188E+01
   2.4377E+00   4.4270E+01
   2.4377E+00   4.4270E+01
   2.4377E+00   4.4270E+01
   2.4377E+00   4.4270E+01
   2.4377E+00   4.4270E+01
   2.4377E+00   4.4270E+01
   2.4377E+00   4.4270E+01
   2.4378E+00   4.4270E+01
   2.4378E+00   4.4270E+01
   2.4378E+00   4.4271E+01
   2.4379E+00   4.4272E+01
   2.4380E+00   4.4278E+01
   2.4381E+00   4.4292E+01
   2.4384E+00   4.4319E+01
   2.4390E+00   4.4365E+01
   2.4399E+00   4.4438E+01
   2.4410E+00   4.4521E+01
   2.4429E+00   4.4649E+01
   2.4462E+00   4.4842E+01
   2.4510E+00   4.5089E+01
   2.4585E+00   4.5126E+01
   2.4660E+00   4.0618E+01
   2.4701E+00   4.1043E+01
   2.4701E+00   4.1048E+01
   2.4701E+00   4.1048E+01
   2.4701E+00   4.1048E+01
   2.4701E+00   4.1048E+01
   2.4701E+00   4.1048E+01
   2.4701E+00   4.1049E+01
   2.4701E+00   4.1049E+01
   2.4701E+00   4.1049E+01
   2.4701E+00   4.1049E+01
   2.4701E+00   4.1050E+01
   2.4701E+00   4.1050E+01
   2.4701E+00   4.1051E+01
   2.4701E+00   4.1051E+01
   2.4701E+00   4.1052E+01
   2.4701E+00   4.1052E+01
   2.4701E+00   4.1053E+01
   2.4701E+00   4.1053E+01
   2.4701E+00   4.1054E+01
   2.4701E+00   4.1056E+01
   2.4701E+00   4.1056E+01
   2.4701E+00   4.1057E+01
   2.4701E+00   4.1057E+01
   2.4701E+00   4.1057E+01
   2.4701E+00   4.1057E+01
   2.4701E+00   4.1057E+01
   2.4701E+00   4.1057E+01
   2.4701E+00   4.1057E+01
   2.4701E+00   4.1057E+01
   2.4701E+00   4.1058E+01
   2.4701E+00   4.1058E+01
   2.4701E+00   4.1058E+01
   2.4701E+00   4.1058E+01
   2.4701E+00   4.1059E+01
   2.4701E+00   4.1060E+01
   2.4701E+00   4.1063E+01
   2.4701E+00   4.1065E+01
   2.4701E+00   4.1069E+01
   2.4702E+00   4.1074E+01
   2.4702E+00   4.1080E+01
   2.4702E+00   4.1089E+01
   2.4703E+00   4.1096E+01
   2.4703E+00   4.1101E+01
   2.4703E+00   4.1105E+01
   2.4703E+00   4.1109E+01
   2.4704E+00   4.1114E+01
   2.4704E+00   4.1119E+01
   2.4704E+00   4.1124E+01
   2.4704E+00   4.1128E+01
   2.4704E+00   4.1131E+01
   2.4705E+00   4.1135E+01
   2.4705E+00   4.1137E+01
   2.4705E+00   4.1137E+01
   2.4705E+00   4.1138E+01
   2.4705E+00   4.1139E+01
   2.4705E+00   4.1140E+01
   2.4705E+00   4.1140E+01
   2.4705E+00   4.1141E+01
   2.4705E+00   4.1142E+01
   2.4705E+00   4.1144E+01
   2.4705E+00   4.1146E+01
   2.4706E+00   4.1150E+01
   2.4706E+00   4.1154E+01
   2.4706E+00   4.1160E+01
   2.4706E+00   4.1165E+01
   2.4707E+00   4.1172E+01
   2.4707E+00   4.1179E+01
   2.4708E+00   4.1184E+01
   2.4708E+00   4.1189E+01
   2.4708E+00   4.1194E+01
   2.4708E+00   4.1199E+01
   2.4709E+00   4.1205E+01
   2.4709E+00   4.1210E+01
   2.4709E+00   4.1211E+01
   2.4709E+00   4.1212E+01
   2.4709E+00   4.1213E+01
   2.4709E+00   4.1213E+01
   2.4709E+00   4.1213E+01
   2.4709E+00   4.1213E+01
   2.4709E+00   4.1213E+01
   2.4709E+00   4.1214E+01
   2.4709E+00   4.1215E+01
   2.4709E+00   4.1216E+01
   2.4710E+00   4.1218E+01
   2.4710E+00   4.1221E+01
   2.4710E+00   4.1227E+01
   2.4711E+00   4.1233E+01
   2.4711E+00   4.1243E+01
   2.4712E+00   4.1254E+01
   2.4713E+00   4.1263E+01
   2.4713E+00   4.1270E+01
   2.4713E+00   4.1277E+01
   2.4714E+00   4.1283E+01
   2.4714E+00   4.1291E+01
   2.4715E+00   4.1299E+01
   2.4716E+00   4.1311E+01
   2.4717E+00   4.1331E+01
   2.4720E+00   4.1364E+01
   2.4724E+00   4.1413E+01
   2.4732E+00   4.1492E+01
   2.4732E+00   4.1492E+01
   2.4732E+00   4.1492E+01
   2.4732E+00   4.1492E+01
   2.4732E+00   4.1492E+01
   2.4732E+00   4.1493E+01
   2.4732E+00   4.1493E+01
   2.4732E+00   4.1494E+01
   2.4732E+00   4.1496E+01
   2.4732E+00   4.1499E+01
   2.4733E+00   4.1504E+01
   2.4734E+00   4.1512E+01
   2.4735E+00   4.1527E+01
   2.4737E+00   4.1551E+01
   2.4741E+00   4.1590E+01
   2.4748E+00   4.1654E+01
   2.4748E+00   4.1655E+01
   2.4748E+00   4.1655E+01
   2.4748E+00   4.1655E+01
   2.4748E+00   4.1655E+01
   2.4748E+00   4.1656E+01
   2.4748E+00   4.1657E+01
   2.4748E+00   4.1658E+01
   2.4748E+00   4.1660E+01
   2.4748E+00   4.1665E+01
   2.4749E+00   4.1672E+01
   2.4750E+00   4.1685E+01
   2.4752E+00   4.1707E+01
   2.4756E+00   4.1744E+01
   2.4759E+00   4.1773E+01
   2.4763E+00   4.1820E+01
   2.4767E+00   4.1859E+01
   2.4771E+00   4.1892E+01
   2.4776E+00   4.1947E+01
   2.4787E+00   4.2036E+01
   2.4787E+00   4.2036E+01
   2.4787E+00   4.2036E+01
   2.4787E+00   4.2036E+01
   2.4787E+00   4.2036E+01
   2.4787E+00   4.2036E+01
   2.4787E+00   4.2037E+01
   2.4787E+00   4.2037E+01
   2.4787E+00   4.2038E+01
   2.4787E+00   4.2039E+01
   2.4787E+00   4.2042E+01
   2.4788E+00   4.2046E+01
   2.4789E+00   4.2054E+01
   2.4790E+00   4.2069E+01
   2.4793E+00   4.2094E+01
   2.4797E+00   4.2137E+01
   2.4804E+00   4.2208E+01
   2.4804E+00   4.2208E+01
   2.4804E+00   4.2209E+01
   2.4804E+00   4.2209E+01
   2.4804E+00   4.2209E+01
   2.4804E+00   4.2209E+01
   2.4804E+00   4.2209E+01
   2.4805E+00   4.2210E+01
   2.4805E+00   4.2211E+01
   2.4805E+00   4.2214E+01
   2.4805E+00   4.2218E+01
   2.4806E+00   4.2225E+01
   2.4808E+00   4.2238E+01
   2.4810E+00   4.2261E+01
   2.4814E+00   4.2291E+01
   2.4817E+00   4.2314E+01
   2.4823E+00   4.2352E+01
   2.4832E+00   4.2412E+01
   2.4832E+00   4.2412E+01
   2.4832E+00   4.2412E+01
   2.4833E+00   4.2412E+01
   2.4833E+00   4.2413E+01
   2.4833E+00   4.2413E+01
   2.4833E+00   4.2413E+01
   2.4833E+00   4.2414E+01
   2.4833E+00   4.2416E+01
   2.4833E+00   4.2418E+01
   2.4834E+00   4.2422E+01
   2.4835E+00   4.2430E+01
   2.4837E+00   4.2442E+01
   2.4840E+00   4.2463E+01
   2.4846E+00   4.2498E+01
   2.4851E+00   4.2527E+01
   2.4855E+00   4.2551E+01
   2.4859E+00   4.2575E+01
   2.4865E+00   4.2614E+01
   2.4865E+00   4.2615E+01
   2.4865E+00   4.2615E+01
   2.4865E+00   4.2615E+01
   2.4865E+00   4.2615E+01
   2.4865E+00   4.2616E+01
   2.4865E+00   4.2616E+01
   2.4865E+00   4.2617E+01
   2.4866E+00   4.2620E+01
   2.4866E+00   4.2624E+01
   2.4867E+00   4.2631E+01
   2.4869E+00   4.2643E+01
   2.4873E+00   4.2664E+01
   2.4878E+00   4.2701E+01
   2.4888E+00   4.2762E+01
   2.4888E+00   4.2762E+01
   2.4888E+00   4.2762E+01
   2.4888E+00   4.2762E+01
   2.4888E+00   4.2762E+01
   2.4889E+00   4.2762E+01
   2.4889E+00   4.2762E+01
   2.4889E+00   4.2762E+01
   2.4889E+00   4.2763E+01
   2.4889E+00   4.2764E+01
   2.4889E+00   4.2765E+01
   2.4889E+00   4.2768E+01
   2.4890E+00   4.2774E+01
   2.4892E+00   4.2786E+01
   2.4894E+00   4.2807E+01
   2.4898E+00   4.2845E+01
   2.4901E+00   4.2875E+01
   2.4906E+00   4.2924E+01
   2.4911E+00   4.2965E+01
   2.4914E+00   4.2999E+01
   2.4921E+00   4.3055E+01
   2.4921E+00   4.3055E+01
   2.4921E+00   4.3055E+01
   2.4921E+00   4.3056E+01
   2.4921E+00   4.3056E+01
   2.4921E+00   4.3056E+01
   2.4921E+00   4.3056E+01
   2.4921E+00   4.3057E+01
   2.4922E+00   4.3059E+01
   2.4922E+00   4.3063E+01
   2.4923E+00   4.3070E+01
   2.4925E+00   4.3079E+01
   2.4927E+00   4.3094E+01
   2.4932E+00   4.3120E+01
   2.4941E+00   4.3162E+01
   2.4955E+00   4.3230E+01
   2.4980E+00   4.3336E+01
   2.5022E+00   4.3488E+01
   2.5095E+00   4.3715E+01
   2.5170E+00   4.3931E+01
   2.5245E+00   4.4129E+01
   2.5320E+00   4.4312E+01
   2.5395E+00   4.0865E+01
   2.5470E+00   4.1461E+01
   2.5545E+00   4.1995E+01
   2.5620E+00   4.2470E+01
   2.5695E+00   4.2892E+01
   2.5770E+00   4.3266E+01
   2.5845E+00   4.3598E+01
   2.5920E+00   4.3896E+01
   2.5995E+00   4.4103E+01
   2.6070E+00   4.4279E+01
   2.6145E+00   4.0693E+01
   2.6190E+00   4.1104E+01
   2.6216E+00   4.1356E+01
   2.6248E+00   4.1622E+01
   2.6288E+00   4.1906E+01
   2.6358E+00   4.2274E+01
   2.6432E+00   4.2609E+01
   2.6507E+00   4.2897E+01
   2.6583E+00   4.3144E+01
   2.6658E+00   4.3357E+01
   2.6732E+00   4.3543E+01
   2.6807E+00   4.3708E+01
   2.6883E+00   4.0149E+01
   2.6957E+00   4.0723E+01
   2.7032E+00   4.1231E+01
   2.7108E+00   4.1678E+01
   2.7183E+00   4.2070E+01
   2.7257E+00   4.2432E+01
   2.7332E+00   4.2768E+01
   2.7408E+00   4.3080E+01
   2.7483E+00   4.3372E+01
   2.7557E+00   4.3644E+01
   2.7633E+00   4.0641E+01
   2.7708E+00   4.1254E+01
   2.7778E+00   4.1782E+01
   2.7853E+00   4.2284E+01
   2.7928E+00   4.2737E+01
   2.7976E+00   4.3027E+01
   2.8018E+00   4.3268E+01
   2.8054E+00   4.3465E+01
   2.8088E+00   4.3640E+01
   2.8146E+00   4.3898E+01
   2.8221E+00   4.4186E+01
   2.8296E+00   4.4453E+01
   2.8371E+00   4.0909E+01
   2.8446E+00   4.1550E+01
   2.8521E+00   4.2108E+01
   2.8596E+00   4.2591E+01
   2.8671E+00   4.3009E+01
   2.8746E+00   4.3371E+01
   2.8821E+00   4.3686E+01
   2.8896E+00   4.3963E+01
   2.8971E+00   4.4208E+01
   2.9046E+00   4.4427E+01
   2.9121E+00   4.0518E+01
   2.9194E+00   4.1148E+01
   2.9264E+00   4.1693E+01
   2.9339E+00   4.2199E+01
   2.9414E+00   4.2645E+01
   2.9489E+00   4.3037E+01
   2.9564E+00   4.3382E+01
   2.9639E+00   4.3690E+01
   2.9714E+00   4.3965E+01
   2.9789E+00   4.4249E+01
   2.9864E+00   4.0636E+01
   2.9933E+00   4.1295E+01
   2.9998E+00   4.1857E+01
   3.0073E+00   4.2405E+01
   3.0148E+00   4.2897E+01
   3.0199E+00   4.3227E+01
   3.0238E+00   4.3465E+01
   3.0268E+00   4.3642E+01
   3.0268E+00   4.3643E+01
   3.0268E+00   4.3643E+01
   3.0268E+00   4.3643E+01
   3.0268E+00   4.3643E+01
   3.0268E+00   4.3643E+01
   3.0268E+00   4.3643E+01
   3.0268E+00   4.3643E+01
   3.0268E+00   4.3643E+01
   3.0268E+00   4.3644E+01
   3.0268E+00   4.3644E+01
   3.0269E+00   4.3646E+01
   3.0269E+00   4.3647E+01
   3.0270E+00   4.3650E+01
   3.0272E+00   4.3656E+01
   3.0274E+00   4.3665E+01
   3.0279E+00   4.3682E+01
   3.0283E+00   4.3697E+01
   3.0285E+00   4.3707E+01
   3.0290E+00   4.3726E+01
   3.0293E+00   4.3738E+01
   3.0299E+00   4.3759E+01
   3.0303E+00   4.3774E+01
   3.0305E+00   4.3785E+01
   3.0310E+00   4.3803E+01
   3.0313E+00   4.3816E+01
   3.0319E+00   4.3838E+01
   3.0324E+00   4.3855E+01
   3.0327E+00   4.3866E+01
   3.0332E+00   4.3886E+01
   3.0336E+00   4.3901E+01
   3.0338E+00   4.3911E+01
   3.0343E+00   4.3929E+01
   3.0346E+00   4.3941E+01
   3.0352E+00   4.3963E+01
   3.0356E+00   4.3991E+01
   3.0359E+00   4.4010E+01
   3.0363E+00   4.4037E+01
   3.0367E+00   4.4068E+01
   3.0371E+00   4.4101E+01
   3.0374E+00   4.4117E+01
   3.0378E+00   4.4145E+01
   3.0380E+00   4.4162E+01
   3.0384E+00   4.4191E+01
   3.0390E+00   4.4226E+01
   3.0395E+00   4.4261E+01
   3.0399E+00   4.4288E+01
   3.0404E+00   4.4317E+01
   3.0406E+00   4.4335E+01
   3.0412E+00   4.4367E+01
   3.0415E+00   4.4387E+01
   3.0419E+00   4.4415E+01
   3.0422E+00   4.4433E+01
   3.0426E+00   4.4456E+01
   3.0428E+00   4.4470E+01
   3.0429E+00   4.4474E+01
   3.0431E+00   4.4479E+01
   3.0434E+00   4.4488E+01
   3.0439E+00   4.4505E+01
   3.0441E+00   4.4514E+01
   3.0445E+00   4.4529E+01
   3.0450E+00   4.4547E+01
   3.0456E+00   4.4568E+01
   3.0462E+00   4.4594E+01
   3.0464E+00   4.4603E+01
   3.0468E+00   4.4618E+01
   3.0471E+00   4.4627E+01
   3.0474E+00   4.4642E+01
   3.0477E+00   4.4651E+01
   3.0480E+00   4.4666E+01
   3.0483E+00   4.4675E+01
   3.0487E+00   4.4691E+01
   3.0489E+00   4.4700E+01
   3.0493E+00   4.4716E+01
   3.0495E+00   4.4725E+01
   3.0499E+00   4.4743E+01
   3.0503E+00   4.4764E+01
   3.0505E+00   4.4773E+01
   3.0505E+00   4.0017E+01
   3.0505E+00   4.0017E+01
   3.0505E+00   4.0017E+01
   3.0505E+00   4.0017E+01
   3.0505E+00   4.0018E+01
   3.0505E+00   4.0018E+01
   3.0505E+00   4.0018E+01
   3.0505E+00   4.0018E+01
   3.0505E+00   4.0019E+01
   3.0505E+00   4.0019E+01
   3.0505E+00   4.0019E+01
   3.0505E+00   4.0020E+01
   3.0505E+00   4.0021E+01
   3.0505E+00   4.0021E+01
   3.0505E+00   4.0021E+01
   3.0505E+00   4.0021E+01
   3.0505E+00   4.0021E+01
   3.0505E+00   4.0021E+01
   3.0505E+00   4.0021E+01
   3.0505E+00   4.0021E+01
   3.0505E+00   4.0021E+01
   3.0505E+00   4.0021E+01
   3.0505E+00   4.0021E+01
   3.0505E+00   4.0022E+01
   3.0506E+00   4.0023E+01
   3.0506E+00   4.0024E+01
   3.0506E+00   4.0025E+01
   3.0506E+00   4.0027E+01
   3.0506E+00   4.0029E+01
   3.0506E+00   4.0031E+01
   3.0506E+00   4.0034E+01
   3.0506E+00   4.0037E+01
   3.0506E+00   4.0041E+01
   3.0506E+00   4.0042E+01
   3.0506E+00   4.0045E+01
   3.0506E+00   4.0046E+01
   3.0506E+00   4.0047E+01
   3.0506E+00   4.0048E+01
   3.0506E+00   4.0050E+01
   3.0506E+00   4.0054E+01
   3.0506E+00   4.0059E+01
   3.0506E+00   4.0066E+01
   3.0507E+00   4.0077E+01
   3.0507E+00   4.0079E+01
   3.0507E+00   4.0080E+01
   3.0507E+00   4.0083E+01
   3.0507E+00   4.0087E+01
   3.0508E+00   4.0092E+01
   3.0508E+00   4.0099E+01
   3.0508E+00   4.0105E+01
   3.0508E+00   4.0112E+01
   3.0509E+00   4.0119E+01
   3.0509E+00   4.0127E+01
   3.0509E+00   4.0136E+01
   3.0510E+00   4.0145E+01
   3.0510E+00   4.0151E+01
   3.0510E+00   4.0156E+01
   3.0511E+00   4.0166E+01
   3.0511E+00   4.0173E+01
   3.0511E+00   4.0183E+01
   3.0512E+00   4.0193E+01
   3.0512E+00   4.0206E+01
   3.0513E+00   4.0221E+01
   3.0514E+00   4.0238E+01
   3.0515E+00   4.0257E+01
   3.0516E+00   4.0279E+01
   3.0517E+00   4.0304E+01
   3.0519E+00   4.0333E+01
   3.0519E+00   4.0337E+01
   3.0519E+00   4.0340E+01
   3.0519E+00   4.0343E+01
   3.0519E+00   4.0347E+01
   3.0520E+00   4.0351E+01
   3.0520E+00   4.0357E+01
   3.0520E+00   4.0365E+01
   3.0521E+00   4.0377E+01
   3.0521E+00   4.0385E+01
   3.0521E+00   4.0388E+01
   3.0521E+00   4.0389E+01
   3.0521E+00   4.0389E+01
   3.0521E+00   4.0390E+01
   3.0521E+00   4.0390E+01
   3.0521E+00   4.0390E+01
   3.0521E+00   4.0391E+01
   3.0521E+00   4.0391E+01
   3.0522E+00   4.0392E+01
   3.0522E+00   4.0394E+01
   3.0522E+00   4.0398E+01
   3.0522E+00   4.0404E+01
   3.0522E+00   4.0414E+01
   3.0522E+00   4.0415E+01
   3.0522E+00   4.0415E+01
   3.0522E+00   4.0416E+01
   3.0522E+00   4.0419E+01
   3.0523E+00   4.0423E+01
   3.0523E+00   4.0430E+01
   3.0523E+00   4.0441E+01
   3.0524E+00   4.0460E+01
   3.0525E+00   4.0471E+01
   3.0525E+00   4.0485E+01
   3.0526E+00   4.0509E+01
   3.0528E+00   4.0542E+01
   3.0529E+00   4.0556E+01
   3.0529E+00   4.0570E+01
   3.0530E+00   4.0594E+01
   3.0531E+00   4.0612E+01
   3.0533E+00   4.0641E+01
   3.0535E+00   4.0689E+01
   3.0539E+00   4.0752E+01
   3.0543E+00   4.0828E+01
   3.0545E+00   4.0863E+01
   3.0548E+00   4.0920E+01
   3.0550E+00   4.0954E+01
   3.0554E+00   4.1008E+01
   3.0556E+00   4.1041E+01
   3.0559E+00   4.1094E+01
   3.0561E+00   4.1113E+01
   3.0563E+00   4.1134E+01
   3.0566E+00   4.1170E+01
   3.0568E+00   4.1189E+01
   3.0572E+00   4.1223E+01
   3.0573E+00   4.1242E+01
   3.0577E+00   4.1274E+01
   3.0582E+00   4.1323E+01
   3.0584E+00   4.1345E+01
   3.0588E+00   4.1382E+01
   3.0594E+00   4.1431E+01
   3.0598E+00   4.1468E+01
   3.0600E+00   4.1490E+01
   3.0603E+00   4.1520E+01
   3.0605E+00   4.1538E+01
   3.0608E+00   4.1560E+01
   3.0612E+00   4.1598E+01
   3.0615E+00   4.1620E+01
   3.0618E+00   4.1645E+01
   3.0623E+00   4.1688E+01
   3.0626E+00   4.1711E+01
   3.0629E+00   4.1736E+01
   3.0635E+00   4.1779E+01
   3.0638E+00   4.1805E+01
   3.0643E+00   4.1847E+01
   3.0646E+00   4.1865E+01
   3.0647E+00   4.1875E+01
   3.0647E+00   4.1879E+01
   3.0648E+00   4.1881E+01
   3.0648E+00   4.1882E+01
   3.0648E+00   4.1884E+01
   3.0649E+00   4.1886E+01
   3.0649E+00   4.1892E+01
   3.0650E+00   4.1901E+01
   3.0652E+00   4.1916E+01
   3.0655E+00   4.1935E+01
   3.0657E+00   4.1950E+01
   3.0659E+00   4.1966E+01
   3.0662E+00   4.1989E+01
   3.0667E+00   4.2027E+01
   3.0670E+00   4.2056E+01
   3.0672E+00   4.2072E+01
   3.0673E+00   4.2081E+01
   3.0674E+00   4.2088E+01
   3.0675E+00   4.2101E+01
   3.0678E+00   4.2124E+01
   3.0682E+00   4.2163E+01
   3.0685E+00   4.2186E+01
   3.0689E+00   4.2225E+01
   3.0692E+00   4.2247E+01
   3.0695E+00   4.2278E+01
   3.0697E+00   4.2296E+01
   3.0701E+00   4.2324E+01
   3.0703E+00   4.2342E+01
   3.0706E+00   4.2373E+01
   3.0712E+00   4.2417E+01
   3.0714E+00   4.2439E+01
   3.0718E+00   4.2471E+01
   3.0720E+00   4.2490E+01
   3.0724E+00   4.2523E+01
   3.0727E+00   4.2547E+01
   3.0730E+00   4.2577E+01
   3.0735E+00   4.2621E+01
   3.0737E+00   4.2641E+01
   3.0739E+00   4.2665E+01
   3.0744E+00   4.2704E+01
   3.0746E+00   4.2729E+01
   3.0750E+00   4.2770E+01
   3.0753E+00   4.2795E+01
   3.0758E+00   4.2837E+01
   3.0760E+00   4.2863E+01
   3.0765E+00   4.2907E+01
   3.0768E+00   4.2928E+01
   3.0771E+00   4.2963E+01
   3.0777E+00   4.3009E+01
   3.0779E+00   4.3028E+01
   3.0782E+00   4.3060E+01
   3.0784E+00   4.3079E+01
   3.0787E+00   4.3106E+01
   3.0793E+00   4.3152E+01
   3.0795E+00   4.3169E+01
   3.0800E+00   4.3199E+01
   3.0802E+00   4.3213E+01
   3.0805E+00   4.3229E+01
   3.0806E+00   4.3241E+01
   3.0809E+00   4.3261E+01
   3.0815E+00   4.3299E+01
   3.0818E+00   4.3321E+01
   3.0824E+00   4.3361E+01
   3.0828E+00   4.3389E+01
   3.0830E+00   4.3404E+01
   3.0833E+00   4.3430E+01
   3.0835E+00   4.3445E+01
   3.0839E+00   4.3473E+01
   3.0842E+00   4.3489E+01
   3.0845E+00   4.3516E+01
   3.0847E+00   4.3533E+01
   3.0852E+00   4.3563E+01
   3.0854E+00   4.3580E+01
   3.0858E+00   4.3611E+01
   3.0860E+00   4.3626E+01
   3.0861E+00   4.3634E+01
   3.0863E+00   4.3646E+01
   3.0866E+00   4.3665E+01
   3.0869E+00   4.3688E+01
   3.0873E+00   4.3713E+01
   3.0873E+00   4.3714E+01
   3.0873E+00   4.3716E+01
   3.0874E+00   4.3720E+01
   3.0874E+00   4.3722E+01
   3.0875E+00   4.3726E+01
   3.0875E+00   4.3729E+01
   3.0875E+00   4.3730E+01
   3.0875E+00   4.3732E+01
   3.0875E+00   4.3732E+01
   3.0875E+00   4.3732E+01
   3.0875E+00   4.3732E+01
   3.0875E+00   4.3732E+01
   3.0876E+00   4.3733E+01
   3.0876E+00   4.3733E+01
   3.0876E+00   4.3735E+01
   3.0876E+00   4.3739E+01
   3.0876E+00   4.3740E+01
   3.0876E+00   4.3741E+01
   3.0876E+00   4.3741E+01
   3.0876E+00   4.3742E+01
   3.0876E+00   4.3743E+01
   3.0876E+00   4.3744E+01
   3.0877E+00   4.3746E+01
   3.0877E+00   4.3746E+01
   3.0877E+00   4.3748E+01
   3.0877E+00   4.3750E+01
   3.0877E+00   4.3755E+01
   3.0878E+00   4.3763E+01
   3.0879E+00   4.3776E+01
   3.0880E+00   4.3795E+01
   3.0883E+00   4.3827E+01
   3.0886E+00   4.3863E+01
   3.0886E+00   4.3865E+01
   3.0886E+00   4.3866E+01
   3.0886E+00   4.3867E+01
   3.0886E+00   4.3868E+01
   3.0886E+00   4.3869E+01
   3.0887E+00   4.3870E+01
   3.0887E+00   4.3872E+01
   3.0887E+00   4.3875E+01
   3.0888E+00   4.3880E+01
   3.0889E+00   4.3885E+01
   3.0890E+00   4.3891E+01
   3.0891E+00   4.3899E+01
   3.0891E+00   4.3900E+01
   3.0891E+00   4.3902E+01
   3.0892E+00   4.3906E+01
   3.0892E+00   4.3908E+01
   3.0892E+00   4.3909E+01
   3.0893E+00   4.3911E+01
   3.0893E+00   4.3913E+01
   3.0893E+00   4.3915E+01
   3.0894E+00   4.3919E+01
   3.0895E+00   4.3926E+01
   3.0896E+00   4.3932E+01
   3.0896E+00   4.3937E+01
   3.0897E+00   4.3941E+01
   3.0897E+00   4.3942E+01
   3.0897E+00   4.3943E+01
   3.0897E+00   4.3944E+01
   3.0898E+00   4.3945E+01
   3.0898E+00   4.3946E+01
   3.0898E+00   4.3949E+01
   3.0899E+00   4.3953E+01
   3.0900E+00   4.3960E+01
   3.0901E+00   4.3972E+01
   3.0902E+00   4.3976E+01
   3.0902E+00   4.3979E+01
   3.0903E+00   4.3985E+01
   3.0904E+00   4.3991E+01
   3.0905E+00   4.3997E+01
   3.0905E+00   4.4002E+01
   3.0906E+00   4.4010E+01
   3.0907E+00   4.4016E+01
   3.0909E+00   4.4027E+01
   3.0911E+00   4.4046E+01
   3.0916E+00   4.4077E+01
   3.0924E+00   4.4130E+01
   3.0924E+00   4.4130E+01
   3.0924E+00   4.4130E+01
   3.0924E+00   4.4130E+01
   3.0924E+00   4.4130E+01
   3.0924E+00   4.4130E+01
   3.0924E+00   4.4130E+01
   3.0924E+00   4.4131E+01
   3.0924E+00   4.4131E+01
   3.0924E+00   4.4132E+01
   3.0925E+00   4.4135E+01
   3.0926E+00   4.4139E+01
   3.0927E+00   4.4147E+01
   3.0929E+00   4.4161E+01
   3.0933E+00   4.4187E+01
   3.0940E+00   4.4230E+01
   3.0940E+00   4.4230E+01
   3.0940E+00   4.4230E+01
   3.0940E+00   4.4230E+01
   3.0940E+00   4.4230E+01
   3.0940E+00   4.4231E+01
   3.0940E+00   4.4231E+01
   3.0940E+00   4.4232E+01
   3.0940E+00   4.4233E+01
   3.0941E+00   4.4236E+01
   3.0942E+00   4.4240E+01
   3.0943E+00   4.4248E+01
   3.0945E+00   4.4258E+01
   3.0948E+00   4.4271E+01
   3.0952E+00   4.4289E+01
   3.0954E+00   4.4300E+01
   3.0958E+00   4.4319E+01
   3.0960E+00   4.4330E+01
   3.0964E+00   4.4350E+01
   3.0966E+00   4.4361E+01
   3.0970E+00   4.4380E+01
   3.0975E+00   4.4405E+01
   3.0977E+00   4.4416E+01
   3.0981E+00   4.4436E+01
   3.0984E+00   4.4447E+01
   3.0988E+00   4.4467E+01
   3.0990E+00   4.4478E+01
   3.0994E+00   4.4497E+01
   3.0996E+00   4.4509E+01
   3.1000E+00   4.4526E+01
   3.1001E+00   4.4534E+01
   3.1004E+00   4.4549E+01
   3.1010E+00   4.4574E+01
   3.1013E+00   4.4593E+01
   3.1016E+00   4.4608E+01
   3.1021E+00   4.4632E+01
   3.1025E+00   4.4651E+01
   3.1028E+00   4.4665E+01
   3.1033E+00   4.4690E+01
   3.1037E+00   4.4709E+01
   3.1041E+00   4.4724E+01
   3.1046E+00   4.4750E+01
   3.1051E+00   4.4771E+01
   3.1054E+00   4.4788E+01
   3.1058E+00   4.4801E+01
   3.1063E+00   4.4825E+01
   3.1067E+00   4.4845E+01
   3.1070E+00   4.4861E+01
   3.1073E+00   4.4874E+01
   3.1079E+00   4.4896E+01
   3.1082E+00   4.4912E+01
   3.1085E+00   4.4924E+01
   3.1089E+00   4.4943E+01
   3.1093E+00   4.4957E+01
   3.1098E+00   4.4981E+01
   3.1102E+00   4.4998E+01
   3.1105E+00   4.5009E+01
   3.1109E+00   4.5029E+01
   3.1112E+00   4.5043E+01
   3.1118E+00   4.5067E+01
   3.1122E+00   4.5083E+01
   3.1124E+00   4.5094E+01
   3.1129E+00   4.5114E+01
   3.1132E+00   4.5127E+01
   3.1137E+00   4.5150E+01
   3.1141E+00   4.5166E+01
   3.1143E+00   4.5176E+01
   3.1148E+00   4.5195E+01
   3.1155E+00   4.5236E+01
   3.1164E+00   4.5285E+01
   3.1179E+00   4.5377E+01
   3.1205E+00   4.5556E+01
   3.1250E+00   4.5900E+01
   3.1325E+00   4.2062E+01
   3.1400E+00   4.3130E+01
   3.1475E+00   4.4138E+01
   3.1550E+00   4.5064E+01
   3.1610E+00   4.5751E+01
   3.1685E+00   4.6524E+01
   3.1760E+00   4.7234E+01
   3.1835E+00   4.7915E+01
   3.1910E+00   4.8556E+01
   3.1985E+00   4.9159E+01
   3.2060E+00   4.3361E+01
   3.2135E+00   4.4496E+01
   3.2204E+00   4.5499E+01
   3.2279E+00   4.7227E+01
   3.2354E+00   4.8599E+01
   3.2429E+00   4.9643E+01
   3.2475E+00   5.0201E+01
   3.2502E+00   5.0417E+01
   3.2522E+00   5.0885E+01
   3.2556E+00   5.1243E+01
   3.2616E+00   5.1982E+01
   3.2691E+00   5.2744E+01
   3.2766E+00   5.3365E+01
   3.2841E+00   4.4097E+01
   3.2916E+00   4.6110E+01
   3.2991E+00   4.7835E+01
   3.3066E+00   4.9197E+01
   3.3141E+00   5.0188E+01
   3.3216E+00   5.0901E+01
   3.3291E+00   5.1442E+01
   3.3366E+00   5.1887E+01
   3.3441E+00   5.2278E+01
   3.3516E+00   5.2087E+01
   3.3591E+00   4.2686E+01
   3.3666E+00   4.4069E+01
   3.3741E+00   4.5425E+01
   3.3816E+00   4.6661E+01
   3.3891E+00   4.7712E+01
   3.3966E+00   4.8545E+01
   3.4041E+00   4.9177E+01
   3.4116E+00   4.9652E+01
   3.4191E+00   5.0022E+01
   3.4266E+00   5.0330E+01
   3.4341E+00   4.3482E+01
   3.4416E+00   4.4776E+01
   3.4491E+00   4.6010E+01
   3.4566E+00   4.7131E+01
   3.4641E+00   4.8075E+01
   3.4716E+00   4.8847E+01
   3.4791E+00   4.9453E+01
   3.4866E+00   4.9575E+01
   3.4941E+00   4.9649E+01
   3.5016E+00   4.9700E+01
   3.5091E+00   4.9736E+01
   3.5166E+00   4.9764E+01
   3.5241E+00   4.9785E+01
   3.5261E+00   4.9793E+01
   3.5274E+00   4.9799E+01
   3.5274E+00   4.9803E+01
   3.5274E+00   4.9803E+01
   3.5274E+00   4.9804E+01
   3.5274E+00   4.9804E+01
   3.5274E+00   4.9804E+01
   3.5274E+00   4.9804E+01
   3.5274E+00   4.9804E+01
   3.5274E+00   4.9804E+01
   3.5274E+00   4.9804E+01
   3.5274E+00   4.9804E+01
   3.5274E+00   4.9804E+01
   3.5274E+00   4.9804E+01
   3.5274E+00   4.9804E+01
   3.5274E+00   4.9805E+01
   3.5274E+00   4.9805E+01
   3.5274E+00   4.9805E+01
   3.5274E+00   4.9805E+01
   3.5274E+00   4.9806E+01
   3.5274E+00   4.9807E+01
   3.5274E+00   4.9808E+01
   3.5274E+00   4.9809E+01
   3.5274E+00   4.9810E+01
   3.5274E+00   4.9811E+01
   3.5274E+00   4.9811E+01
   3.5274E+00   4.9811E+01
   3.5274E+00   4.9811E+01
