# Trace from filein = ./62270n01                                                                                                                   
#   time        PALFT                                                                                                                        
   2.0000E+00   0.0000E+00
   2.0000E+00   0.0000E+00
   2.0000E+00   0.0000E+00
   2.0001E+00   0.0000E+00
   2.0001E+00   0.0000E+00
   2.0001E+00   0.0000E+00
   2.0001E+00   0.0000E+00
   2.0001E+00   0.0000E+00
   2.0001E+00   0.0000E+00
   2.0001E+00   0.0000E+00
   2.0001E+00   0.0000E+00
   2.0002E+00   0.0000E+00
   2.0002E+00   0.0000E+00
   2.0002E+00   0.0000E+00
   2.0002E+00   0.0000E+00
   2.0002E+00   0.0000E+00
   2.0002E+00   0.0000E+00
   2.0003E+00   0.0000E+00
   2.0003E+00   0.0000E+00
   2.0003E+00   0.0000E+00
   2.0003E+00   0.0000E+00
   2.0004E+00   0.0000E+00
   2.0004E+00   0.0000E+00
   2.0005E+00   0.0000E+00
   2.0006E+00   0.0000E+00
   2.0006E+00   0.0000E+00
   2.0006E+00   0.0000E+00
   2.0007E+00   0.0000E+00
   2.0007E+00   0.0000E+00
   2.0008E+00   0.0000E+00
   2.0008E+00   0.0000E+00
   2.0009E+00   0.0000E+00
   2.0009E+00   0.0000E+00
   2.0010E+00   0.0000E+00
   2.0011E+00   0.0000E+00
   2.0012E+00   0.0000E+00
   2.0013E+00   0.0000E+00
   2.0014E+00   0.0000E+00
   2.0015E+00   0.0000E+00
   2.0016E+00   0.0000E+00
   2.0017E+00   0.0000E+00
   2.0019E+00   0.0000E+00
   2.0021E+00   0.0000E+00
   2.0024E+00   0.0000E+00
   2.0027E+00   0.0000E+00
   2.0032E+00   0.0000E+00
   2.0036E+00   0.0000E+00
   2.0040E+00   0.0000E+00
   2.0043E+00   0.0000E+00
   2.0045E+00   0.0000E+00
   2.0046E+00   0.0000E+00
   2.0047E+00   0.0000E+00
   2.0048E+00   0.0000E+00
   2.0049E+00   0.0000E+00
   2.0051E+00   0.0000E+00
   2.0054E+00   0.0000E+00
   2.0058E+00   0.0000E+00
   2.0063E+00   0.0000E+00
   2.0069E+00   0.0000E+00
   2.0069E+00   0.0000E+00
   2.0069E+00   0.0000E+00
   2.0070E+00   0.0000E+00
   2.0070E+00   0.0000E+00
   2.0070E+00   0.0000E+00
   2.0070E+00   0.0000E+00
   2.0070E+00   0.0000E+00
   2.0070E+00   0.0000E+00
   2.0070E+00   0.0000E+00
   2.0070E+00   0.0000E+00
   2.0070E+00   0.0000E+00
   2.0070E+00   0.0000E+00
   2.0070E+00   0.0000E+00
   2.0070E+00   0.0000E+00
   2.0070E+00   0.0000E+00
   2.0070E+00   0.0000E+00
   2.0070E+00   0.0000E+00
   2.0071E+00   0.0000E+00
   2.0071E+00   0.0000E+00
   2.0072E+00   0.0000E+00
   2.0074E+00   0.0000E+00
   2.0077E+00   0.0000E+00
   2.0082E+00   0.0000E+00
   2.0086E+00   0.0000E+00
   2.0088E+00   0.0000E+00
   2.0092E+00   0.0000E+00
   2.0098E+00   0.0000E+00
   2.0098E+00   0.0000E+00
   2.0098E+00   0.0000E+00
   2.0098E+00   0.0000E+00
   2.0098E+00   0.0000E+00
   2.0098E+00   0.0000E+00
   2.0098E+00   0.0000E+00
   2.0098E+00   0.0000E+00
   2.0098E+00   0.0000E+00
   2.0099E+00   0.0000E+00
   2.0099E+00   0.0000E+00
   2.0100E+00   0.0000E+00
   2.0102E+00   0.0000E+00
   2.0102E+00   0.0000E+00
   2.0102E+00   0.0000E+00
   2.0102E+00   0.0000E+00
   2.0102E+00   0.0000E+00
   2.0102E+00   0.0000E+00
   2.0102E+00   0.0000E+00
   2.0102E+00   0.0000E+00
   2.0102E+00   0.0000E+00
   2.0102E+00   0.0000E+00
   2.0102E+00   0.0000E+00
   2.0102E+00   0.0000E+00
   2.0102E+00   0.0000E+00
   2.0102E+00   0.0000E+00
   2.0102E+00   0.0000E+00
   2.0102E+00   0.0000E+00
   2.0102E+00   0.0000E+00
   2.0102E+00   0.0000E+00
   2.0102E+00   0.0000E+00
   2.0102E+00   0.0000E+00
   2.0102E+00   0.0000E+00
   2.0102E+00   0.0000E+00
   2.0102E+00   0.0000E+00
   2.0102E+00   0.0000E+00
   2.0102E+00   0.0000E+00
   2.0102E+00   0.0000E+00
   2.0102E+00   0.0000E+00
   2.0102E+00   0.0000E+00
   2.0102E+00   0.0000E+00
   2.0102E+00   0.0000E+00
   2.0102E+00   0.0000E+00
   2.0102E+00   0.0000E+00
   2.0102E+00   0.0000E+00
   2.0102E+00   0.0000E+00
   2.0102E+00   0.0000E+00
   2.0102E+00   0.0000E+00
   2.0102E+00   0.0000E+00
   2.0102E+00   0.0000E+00
   2.0102E+00   0.0000E+00
   2.0102E+00   0.0000E+00
   2.0102E+00   0.0000E+00
   2.0102E+00   0.0000E+00
   2.0102E+00   0.0000E+00
   2.0102E+00   0.0000E+00
   2.0103E+00   0.0000E+00
   2.0103E+00   0.0000E+00
   2.0103E+00   0.0000E+00
   2.0103E+00   0.0000E+00
   2.0103E+00   0.0000E+00
   2.0103E+00   0.0000E+00
   2.0103E+00   0.0000E+00
   2.0103E+00   0.0000E+00
   2.0103E+00   0.0000E+00
   2.0104E+00   0.0000E+00
   2.0104E+00   0.0000E+00
   2.0104E+00   0.0000E+00
   2.0105E+00   0.0000E+00
   2.0105E+00   0.0000E+00
   2.0105E+00   0.0000E+00
   2.0106E+00   0.0000E+00
   2.0106E+00   0.0000E+00
   2.0107E+00   0.0000E+00
   2.0107E+00   0.0000E+00
   2.0107E+00   0.0000E+00
   2.0107E+00   0.0000E+00
   2.0107E+00   0.0000E+00
   2.0107E+00   0.0000E+00
   2.0107E+00   0.0000E+00
   2.0107E+00   0.0000E+00
   2.0107E+00   0.0000E+00
   2.0107E+00   0.0000E+00
   2.0107E+00   0.0000E+00
   2.0107E+00   0.0000E+00
   2.0107E+00   0.0000E+00
   2.0107E+00   0.0000E+00
   2.0107E+00   0.0000E+00
   2.0108E+00   0.0000E+00
   2.0108E+00   0.0000E+00
   2.0108E+00   0.0000E+00
   2.0108E+00   0.0000E+00
   2.0108E+00   0.0000E+00
   2.0109E+00   0.0000E+00
   2.0109E+00   0.0000E+00
   2.0109E+00   0.0000E+00
   2.0109E+00   0.0000E+00
   2.0109E+00   0.0000E+00
   2.0109E+00   0.0000E+00
   2.0109E+00   0.0000E+00
   2.0109E+00   0.0000E+00
   2.0109E+00   0.0000E+00
   2.0109E+00   0.0000E+00
   2.0109E+00   0.0000E+00
   2.0109E+00   0.0000E+00
   2.0110E+00   0.0000E+00
   2.0110E+00   0.0000E+00
   2.0110E+00   0.0000E+00
   2.0111E+00   0.0000E+00
   2.0111E+00   0.0000E+00
   2.0111E+00   0.0000E+00
   2.0111E+00   0.0000E+00
   2.0111E+00   0.0000E+00
   2.0111E+00   0.0000E+00
   2.0112E+00   0.0000E+00
   2.0112E+00   0.0000E+00
   2.0112E+00   0.0000E+00
   2.0112E+00   0.0000E+00
   2.0113E+00   0.0000E+00
   2.0113E+00   0.0000E+00
   2.0114E+00   0.0000E+00
   2.0114E+00   0.0000E+00
   2.0115E+00   0.0000E+00
   2.0117E+00   0.0000E+00
   2.0121E+00   0.0000E+00
   2.0126E+00   0.0000E+00
   2.0126E+00   0.0000E+00
   2.0126E+00   0.0000E+00
   2.0126E+00   0.0000E+00
   2.0126E+00   0.0000E+00
   2.0126E+00   0.0000E+00
   2.0127E+00   0.0000E+00
   2.0127E+00   0.0000E+00
   2.0127E+00   0.0000E+00
   2.0127E+00   0.0000E+00
   2.0128E+00   0.0000E+00
   2.0129E+00   0.0000E+00
   2.0131E+00   0.0000E+00
   2.0135E+00   0.0000E+00
   2.0142E+00   0.0000E+00
   2.0142E+00   0.0000E+00
   2.0142E+00   0.0000E+00
   2.0142E+00   0.0000E+00
   2.0142E+00   0.0000E+00
   2.0142E+00   0.0000E+00
   2.0142E+00   0.0000E+00
   2.0142E+00   0.0000E+00
   2.0142E+00   0.0000E+00
   2.0142E+00   0.0000E+00
   2.0143E+00   0.0000E+00
   2.0144E+00   0.0000E+00
   2.0146E+00   0.0000E+00
   2.0148E+00   0.0000E+00
   2.0154E+00   0.0000E+00
   2.0162E+00   0.0000E+00
   2.0178E+00   0.0000E+00
   2.0204E+00   0.0000E+00
   2.0249E+00   0.0000E+00
   2.0324E+00   0.0000E+00
   2.0399E+00   0.0000E+00
   2.0474E+00   0.0000E+00
   2.0549E+00   0.0000E+00
   2.0624E+00   0.0000E+00
   2.0699E+00   0.0000E+00
   2.0774E+00   0.0000E+00
   2.0849E+00   0.0000E+00
   2.0924E+00   0.0000E+00
   2.0999E+00   0.0000E+00
   2.1074E+00   0.0000E+00
   2.1149E+00   0.0000E+00
   2.1224E+00   0.0000E+00
   2.1299E+00   0.0000E+00
   2.1374E+00   0.0000E+00
   2.1449E+00   0.0000E+00
   2.1524E+00   0.0000E+00
   2.1599E+00   0.0000E+00
   2.1674E+00   0.0000E+00
   2.1749E+00   0.0000E+00
   2.1824E+00   0.0000E+00
   2.1899E+00   0.0000E+00
   2.1974E+00   0.0000E+00
   2.2049E+00   0.0000E+00
   2.2124E+00   0.0000E+00
   2.2199E+00   0.0000E+00
   2.2274E+00   0.0000E+00
   2.2349E+00   0.0000E+00
   2.2423E+00   0.0000E+00
   2.2496E+00   0.0000E+00
   2.2571E+00   0.0000E+00
   2.2646E+00   0.0000E+00
   2.2721E+00   0.0000E+00
   2.2796E+00   0.0000E+00
   2.2871E+00   0.0000E+00
   2.2946E+00   0.0000E+00
   2.3021E+00   0.0000E+00
   2.3096E+00   0.0000E+00
   2.3171E+00   0.0000E+00
   2.3246E+00   0.0000E+00
   2.3321E+00   0.0000E+00
   2.3396E+00   0.0000E+00
   2.3471E+00   0.0000E+00
   2.3546E+00   0.0000E+00
   2.3621E+00   0.0000E+00
   2.3696E+00   0.0000E+00
   2.3738E+00   0.0000E+00
   2.3738E+00   0.0000E+00
   2.3738E+00   0.0000E+00
   2.3738E+00   0.0000E+00
   2.3738E+00   0.0000E+00
   2.3738E+00   0.0000E+00
   2.3738E+00   0.0000E+00
   2.3738E+00   0.0000E+00
   2.3738E+00   0.0000E+00
   2.3739E+00   0.0000E+00
   2.3739E+00   0.0000E+00
   2.3740E+00   0.0000E+00
   2.3742E+00   0.0000E+00
   2.3744E+00   0.0000E+00
   2.3749E+00   0.0000E+00
   2.3757E+00   0.0000E+00
   2.3770E+00   0.0000E+00
   2.3794E+00   0.0000E+00
   2.3833E+00   0.0000E+00
   2.3901E+00   0.0000E+00
   2.3956E+00   0.0000E+00
   2.3985E+00   0.0000E+00
   2.3985E+00   0.0000E+00
   2.3985E+00   0.0000E+00
   2.3985E+00   0.0000E+00
   2.3985E+00   0.0000E+00
   2.3985E+00   0.0000E+00
   2.3985E+00   0.0000E+00
   2.3985E+00   0.0000E+00
   2.3985E+00   0.0000E+00
   2.3985E+00   0.0000E+00
   2.3986E+00   0.0000E+00
   2.3986E+00   0.0000E+00
   2.3986E+00   0.0000E+00
   2.3986E+00   0.0000E+00
   2.3986E+00   0.0000E+00
   2.3986E+00   0.0000E+00
   2.3986E+00   0.0000E+00
   2.3986E+00   0.0000E+00
   2.3986E+00   0.0000E+00
   2.3986E+00   0.0000E+00
   2.3986E+00   0.0000E+00
   2.3986E+00   0.0000E+00
   2.3986E+00   0.0000E+00
   2.3986E+00   0.0000E+00
   2.3986E+00   0.0000E+00
   2.3986E+00   0.0000E+00
   2.3986E+00   0.0000E+00
   2.3986E+00   0.0000E+00
   2.3986E+00   0.0000E+00
   2.3986E+00   0.0000E+00
   2.3986E+00   0.0000E+00
   2.3987E+00   0.0000E+00
   2.3987E+00   0.0000E+00
   2.3987E+00   0.0000E+00
   2.3987E+00   0.0000E+00
   2.3987E+00   0.0000E+00
   2.3987E+00   0.0000E+00
   2.3987E+00   0.0000E+00
   2.3987E+00   0.0000E+00
   2.3987E+00   0.0000E+00
   2.3987E+00   0.0000E+00
   2.3987E+00   0.0000E+00
   2.3987E+00   0.0000E+00
   2.3988E+00   0.0000E+00
   2.3988E+00   0.0000E+00
   2.3988E+00   0.0000E+00
   2.3988E+00   0.0000E+00
   2.3988E+00   0.0000E+00
   2.3988E+00   0.0000E+00
   2.3988E+00   0.0000E+00
   2.3988E+00   0.0000E+00
   2.3989E+00   0.0000E+00
   2.3989E+00   0.0000E+00
   2.3989E+00   0.0000E+00
   2.3989E+00   0.0000E+00
   2.3989E+00   0.0000E+00
   2.3989E+00   0.0000E+00
   2.3989E+00   0.0000E+00
   2.3990E+00   0.0000E+00
   2.3990E+00   0.0000E+00
   2.3990E+00   0.0000E+00
   2.3991E+00   0.0000E+00
   2.3991E+00   0.0000E+00
   2.3991E+00   0.0000E+00
   2.3991E+00   0.0000E+00
   2.3991E+00   0.0000E+00
   2.3991E+00   0.0000E+00
   2.3991E+00   0.0000E+00
   2.3991E+00   0.0000E+00
   2.3991E+00   0.0000E+00
   2.3991E+00   0.0000E+00
   2.3991E+00   0.0000E+00
   2.3991E+00   0.0000E+00
   2.3991E+00   0.0000E+00
   2.3992E+00   0.0000E+00
   2.3992E+00   0.0000E+00
   2.3993E+00   0.0000E+00
   2.3993E+00   0.0000E+00
   2.3994E+00   0.0000E+00
   2.3994E+00   0.0000E+00
   2.3994E+00   0.0000E+00
   2.3994E+00   0.0000E+00
   2.3994E+00   0.0000E+00
   2.3994E+00   0.0000E+00
   2.3994E+00   0.0000E+00
   2.3994E+00   0.0000E+00
   2.3994E+00   0.0000E+00
   2.3994E+00   0.0000E+00
   2.3994E+00   0.0000E+00
   2.3994E+00   0.0000E+00
   2.3994E+00   0.0000E+00
   2.3994E+00   0.0000E+00
   2.3994E+00   0.0000E+00
   2.3995E+00   0.0000E+00
   2.3995E+00   0.0000E+00
   2.3995E+00   0.0000E+00
   2.3995E+00   0.0000E+00
   2.3995E+00   0.0000E+00
   2.3996E+00   0.0000E+00
   2.3996E+00   0.0000E+00
   2.3996E+00   0.0000E+00
   2.3997E+00   0.0000E+00
   2.3997E+00   0.0000E+00
   2.3997E+00   0.0000E+00
   2.3997E+00   0.0000E+00
   2.3998E+00   0.0000E+00
   2.3999E+00   0.0000E+00
   2.4000E+00   0.0000E+00
   2.4003E+00   0.0000E+00
   2.4008E+00   0.0000E+00
   2.4011E+00   0.0000E+00
   2.4016E+00   0.0000E+00
   2.4019E+00   0.0000E+00
   2.4024E+00   0.0000E+00
   2.4027E+00   0.0000E+00
   2.4032E+00   0.0000E+00
   2.4035E+00   0.0000E+00
   2.4038E+00   0.0000E+00
   2.4041E+00   0.0000E+00
   2.4044E+00   0.0000E+00
   2.4048E+00   0.0000E+00
   2.4051E+00   0.0000E+00
   2.4056E+00   0.0000E+00
   2.4059E+00   0.0000E+00
   2.4065E+00   0.0000E+00
   2.4065E+00   0.0000E+00
   2.4065E+00   0.0000E+00
   2.4065E+00   0.0000E+00
   2.4065E+00   0.0000E+00
   2.4065E+00   0.0000E+00
   2.4065E+00   0.0000E+00
   2.4065E+00   0.0000E+00
   2.4066E+00   0.0000E+00
   2.4066E+00   0.0000E+00
   2.4067E+00   0.0000E+00
   2.4069E+00   0.0000E+00
   2.4071E+00   0.0000E+00
   2.4076E+00   0.0000E+00
   2.4078E+00   0.0000E+00
   2.4083E+00   0.0000E+00
   2.4087E+00   0.0000E+00
   2.4092E+00   0.0000E+00
   2.4096E+00   0.0000E+00
   2.4099E+00   0.0000E+00
   2.4103E+00   0.0000E+00
   2.4105E+00   0.0000E+00
   2.4109E+00   0.0000E+00
   2.4112E+00   0.0000E+00
   2.4117E+00   0.0000E+00
   2.4121E+00   0.0000E+00
   2.4126E+00   0.0000E+00
   2.4130E+00   0.0000E+00
   2.4132E+00   0.0000E+00
   2.4134E+00   0.0000E+00
   2.4139E+00   0.0000E+00
   2.4141E+00   0.0000E+00
   2.4145E+00   0.0000E+00
   2.4147E+00   0.0000E+00
   2.4151E+00   0.0000E+00
   2.4156E+00   0.0000E+00
   2.4160E+00   0.0000E+00
   2.4162E+00   0.0000E+00
   2.4167E+00   0.0000E+00
   2.4169E+00   0.0000E+00
   2.4174E+00   0.0000E+00
   2.4176E+00   0.0000E+00
   2.4181E+00   0.0000E+00
   2.4184E+00   0.0000E+00
   2.4189E+00   0.0000E+00
   2.4192E+00   0.0000E+00
   2.4197E+00   0.0000E+00
   2.4198E+00   0.0000E+00
   2.4198E+00   0.0000E+00
   2.4198E+00   0.0000E+00
   2.4199E+00   0.0000E+00
   2.4199E+00   0.0000E+00
   2.4200E+00   0.0000E+00
   2.4201E+00   0.0000E+00
   2.4203E+00   0.0000E+00
   2.4206E+00   0.0000E+00
   2.4211E+00   0.0000E+00
   2.4220E+00   0.0000E+00
   2.4220E+00   0.0000E+00
   2.4220E+00   0.0000E+00
   2.4220E+00   0.0000E+00
   2.4220E+00   0.0000E+00
   2.4220E+00   0.0000E+00
   2.4220E+00   0.0000E+00
   2.4221E+00   0.0000E+00
   2.4221E+00   0.0000E+00
   2.4221E+00   0.0000E+00
   2.4221E+00   0.0000E+00
   2.4221E+00   0.0000E+00
   2.4222E+00   0.0000E+00
   2.4223E+00   0.0000E+00
   2.4226E+00   0.0000E+00
   2.4230E+00   0.0000E+00
   2.4232E+00   0.0000E+00
   2.4237E+00   0.0000E+00
   2.4241E+00   0.0000E+00
   2.4244E+00   0.0000E+00
   2.4249E+00   0.0000E+00
   2.4253E+00   0.0000E+00
   2.4256E+00   0.0000E+00
   2.4261E+00   0.0000E+00
   2.4265E+00   0.0000E+00
   2.4269E+00   0.0000E+00
   2.4274E+00   0.0000E+00
   2.4278E+00   0.0000E+00
   2.4282E+00   0.0000E+00
   2.4287E+00   0.0000E+00
   2.4292E+00   0.0000E+00
   2.4299E+00   0.0000E+00
   2.4299E+00   0.0000E+00
   2.4299E+00   0.0000E+00
   2.4299E+00   0.0000E+00
   2.4299E+00   0.0000E+00
   2.4299E+00   0.0000E+00
   2.4299E+00   0.0000E+00
   2.4299E+00   0.0000E+00
   2.4299E+00   0.0000E+00
   2.4300E+00   0.0000E+00
   2.4300E+00   0.0000E+00
   2.4301E+00   0.0000E+00
   2.4302E+00   0.0000E+00
   2.4304E+00   0.0000E+00
   2.4308E+00   0.0000E+00
   2.4315E+00   0.0000E+00
   2.4315E+00   0.0000E+00
   2.4315E+00   0.0000E+00
   2.4315E+00   0.0000E+00
   2.4315E+00   0.0000E+00
   2.4315E+00   0.0000E+00
   2.4315E+00   0.0000E+00
   2.4315E+00   0.0000E+00
   2.4315E+00   0.0000E+00
   2.4316E+00   0.0000E+00
   2.4316E+00   0.0000E+00
   2.4317E+00   0.0000E+00
   2.4318E+00   0.0000E+00
   2.4320E+00   0.0000E+00
   2.4324E+00   0.0000E+00
   2.4326E+00   0.0000E+00
   2.4330E+00   0.0000E+00
   2.4333E+00   0.0000E+00
   2.4338E+00   0.0000E+00
   2.4341E+00   0.0000E+00
   2.4346E+00   0.0000E+00
   2.4349E+00   0.0000E+00
   2.4352E+00   0.0000E+00
   2.4355E+00   0.0000E+00
   2.4358E+00   0.0000E+00
   2.4362E+00   0.0000E+00
   2.4365E+00   0.0000E+00
   2.4369E+00   0.0000E+00
   2.4377E+00   0.0000E+00
   2.4377E+00   0.0000E+00
   2.4377E+00   0.0000E+00
   2.4377E+00   0.0000E+00
   2.4377E+00   0.0000E+00
   2.4377E+00   0.0000E+00
   2.4377E+00   0.0000E+00
   2.4378E+00   0.0000E+00
   2.4378E+00   0.0000E+00
   2.4378E+00   0.0000E+00
   2.4379E+00   0.0000E+00
   2.4380E+00   0.0000E+00
   2.4381E+00   0.0000E+00
   2.4384E+00   0.0000E+00
   2.4390E+00   0.0000E+00
   2.4399E+00   0.0000E+00
   2.4410E+00   0.0000E+00
   2.4429E+00   0.0000E+00
   2.4462E+00   0.0000E+00
   2.4510E+00   0.0000E+00
   2.4585E+00   0.0000E+00
   2.4660E+00   0.0000E+00
   2.4701E+00   0.0000E+00
   2.4701E+00   0.0000E+00
   2.4701E+00   0.0000E+00
   2.4701E+00   0.0000E+00
   2.4701E+00   0.0000E+00
   2.4701E+00   0.0000E+00
   2.4701E+00   0.0000E+00
   2.4701E+00   0.0000E+00
   2.4701E+00   0.0000E+00
   2.4701E+00   0.0000E+00
   2.4701E+00   0.0000E+00
   2.4701E+00   0.0000E+00
   2.4701E+00   0.0000E+00
   2.4701E+00   0.0000E+00
   2.4701E+00   0.0000E+00
   2.4701E+00   0.0000E+00
   2.4701E+00   0.0000E+00
   2.4701E+00   0.0000E+00
   2.4701E+00   0.0000E+00
   2.4701E+00   0.0000E+00
   2.4701E+00   0.0000E+00
   2.4701E+00   0.0000E+00
   2.4701E+00   0.0000E+00
   2.4701E+00   0.0000E+00
   2.4701E+00   0.0000E+00
   2.4701E+00   0.0000E+00
   2.4701E+00   0.0000E+00
   2.4701E+00   0.0000E+00
   2.4701E+00   0.0000E+00
   2.4701E+00   0.0000E+00
   2.4701E+00   0.0000E+00
   2.4701E+00   0.0000E+00
   2.4701E+00   0.0000E+00
   2.4701E+00   0.0000E+00
   2.4701E+00   0.0000E+00
   2.4701E+00   0.0000E+00
   2.4701E+00   0.0000E+00
   2.4701E+00   0.0000E+00
   2.4702E+00   0.0000E+00
   2.4702E+00   0.0000E+00
   2.4702E+00   0.0000E+00
   2.4703E+00   0.0000E+00
   2.4703E+00   0.0000E+00
   2.4703E+00   0.0000E+00
   2.4703E+00   0.0000E+00
   2.4704E+00   0.0000E+00
   2.4704E+00   0.0000E+00
   2.4704E+00   0.0000E+00
   2.4704E+00   0.0000E+00
   2.4704E+00   0.0000E+00
   2.4705E+00   0.0000E+00
   2.4705E+00   0.0000E+00
   2.4705E+00   0.0000E+00
   2.4705E+00   0.0000E+00
   2.4705E+00   0.0000E+00
   2.4705E+00   0.0000E+00
   2.4705E+00   0.0000E+00
   2.4705E+00   0.0000E+00
   2.4705E+00   0.0000E+00
   2.4705E+00   0.0000E+00
   2.4705E+00   0.0000E+00
   2.4706E+00   0.0000E+00
   2.4706E+00   0.0000E+00
   2.4706E+00   0.0000E+00
   2.4706E+00   0.0000E+00
   2.4707E+00   0.0000E+00
   2.4707E+00   0.0000E+00
   2.4708E+00   0.0000E+00
   2.4708E+00   0.0000E+00
   2.4708E+00   0.0000E+00
   2.4708E+00   0.0000E+00
   2.4709E+00   0.0000E+00
   2.4709E+00   0.0000E+00
   2.4709E+00   0.0000E+00
   2.4709E+00   0.0000E+00
   2.4709E+00   0.0000E+00
   2.4709E+00   0.0000E+00
   2.4709E+00   0.0000E+00
   2.4709E+00   0.0000E+00
   2.4709E+00   0.0000E+00
   2.4709E+00   0.0000E+00
   2.4709E+00   0.0000E+00
   2.4709E+00   0.0000E+00
   2.4710E+00   0.0000E+00
   2.4710E+00   0.0000E+00
   2.4710E+00   0.0000E+00
   2.4711E+00   0.0000E+00
   2.4711E+00   0.0000E+00
   2.4712E+00   0.0000E+00
   2.4713E+00   0.0000E+00
   2.4713E+00   0.0000E+00
   2.4713E+00   0.0000E+00
   2.4714E+00   0.0000E+00
   2.4714E+00   0.0000E+00
   2.4715E+00   0.0000E+00
   2.4716E+00   0.0000E+00
   2.4717E+00   0.0000E+00
   2.4720E+00   0.0000E+00
   2.4724E+00   0.0000E+00
   2.4732E+00   0.0000E+00
   2.4732E+00   0.0000E+00
   2.4732E+00   0.0000E+00
   2.4732E+00   0.0000E+00
   2.4732E+00   0.0000E+00
   2.4732E+00   0.0000E+00
   2.4732E+00   0.0000E+00
   2.4732E+00   0.0000E+00
   2.4732E+00   0.0000E+00
   2.4732E+00   0.0000E+00
   2.4733E+00   0.0000E+00
   2.4734E+00   0.0000E+00
   2.4735E+00   0.0000E+00
   2.4737E+00   0.0000E+00
   2.4741E+00   0.0000E+00
   2.4748E+00   0.0000E+00
   2.4748E+00   0.0000E+00
   2.4748E+00   0.0000E+00
   2.4748E+00   0.0000E+00
   2.4748E+00   0.0000E+00
   2.4748E+00   0.0000E+00
   2.4748E+00   0.0000E+00
   2.4748E+00   0.0000E+00
   2.4748E+00   0.0000E+00
   2.4748E+00   0.0000E+00
   2.4749E+00   0.0000E+00
   2.4750E+00   0.0000E+00
   2.4752E+00   0.0000E+00
   2.4756E+00   0.0000E+00
   2.4759E+00   0.0000E+00
   2.4763E+00   0.0000E+00
   2.4767E+00   0.0000E+00
   2.4771E+00   0.0000E+00
   2.4776E+00   0.0000E+00
   2.4787E+00   0.0000E+00
   2.4787E+00   0.0000E+00
   2.4787E+00   0.0000E+00
   2.4787E+00   0.0000E+00
   2.4787E+00   0.0000E+00
   2.4787E+00   0.0000E+00
   2.4787E+00   0.0000E+00
   2.4787E+00   0.0000E+00
   2.4787E+00   0.0000E+00
   2.4787E+00   0.0000E+00
   2.4787E+00   0.0000E+00
   2.4788E+00   0.0000E+00
   2.4789E+00   0.0000E+00
   2.4790E+00   0.0000E+00
   2.4793E+00   0.0000E+00
   2.4797E+00   0.0000E+00
   2.4804E+00   0.0000E+00
   2.4804E+00   0.0000E+00
   2.4804E+00   0.0000E+00
   2.4804E+00   0.0000E+00
   2.4804E+00   0.0000E+00
   2.4804E+00   0.0000E+00
   2.4804E+00   0.0000E+00
   2.4805E+00   0.0000E+00
   2.4805E+00   0.0000E+00
   2.4805E+00   0.0000E+00
   2.4805E+00   0.0000E+00
   2.4806E+00   0.0000E+00
   2.4808E+00   0.0000E+00
   2.4810E+00   0.0000E+00
   2.4814E+00   0.0000E+00
   2.4817E+00   0.0000E+00
   2.4823E+00   0.0000E+00
   2.4832E+00   0.0000E+00
   2.4832E+00   0.0000E+00
   2.4832E+00   0.0000E+00
   2.4833E+00   0.0000E+00
   2.4833E+00   0.0000E+00
   2.4833E+00   0.0000E+00
   2.4833E+00   0.0000E+00
   2.4833E+00   0.0000E+00
   2.4833E+00   0.0000E+00
   2.4833E+00   0.0000E+00
   2.4834E+00   0.0000E+00
   2.4835E+00   0.0000E+00
   2.4837E+00   0.0000E+00
   2.4840E+00   0.0000E+00
   2.4846E+00   0.0000E+00
   2.4851E+00   0.0000E+00
   2.4855E+00   0.0000E+00
   2.4859E+00   0.0000E+00
   2.4865E+00   0.0000E+00
   2.4865E+00   0.0000E+00
   2.4865E+00   0.0000E+00
   2.4865E+00   0.0000E+00
   2.4865E+00   0.0000E+00
   2.4865E+00   0.0000E+00
   2.4865E+00   0.0000E+00
   2.4865E+00   0.0000E+00
   2.4866E+00   0.0000E+00
   2.4866E+00   0.0000E+00
   2.4867E+00   0.0000E+00
   2.4869E+00   0.0000E+00
   2.4873E+00   0.0000E+00
   2.4878E+00   0.0000E+00
   2.4888E+00   0.0000E+00
   2.4888E+00   0.0000E+00
   2.4888E+00   0.0000E+00
   2.4888E+00   0.0000E+00
   2.4888E+00   0.0000E+00
   2.4889E+00   0.0000E+00
   2.4889E+00   0.0000E+00
   2.4889E+00   0.0000E+00
   2.4889E+00   0.0000E+00
   2.4889E+00   0.0000E+00
   2.4889E+00   0.0000E+00
   2.4889E+00   0.0000E+00
   2.4890E+00   0.0000E+00
   2.4892E+00   0.0000E+00
   2.4894E+00   0.0000E+00
   2.4898E+00   0.0000E+00
   2.4901E+00   0.0000E+00
   2.4906E+00   0.0000E+00
   2.4911E+00   0.0000E+00
   2.4914E+00   0.0000E+00
   2.4921E+00   0.0000E+00
   2.4921E+00   0.0000E+00
   2.4921E+00   0.0000E+00
   2.4921E+00   0.0000E+00
   2.4921E+00   0.0000E+00
   2.4921E+00   0.0000E+00
   2.4921E+00   0.0000E+00
   2.4921E+00   0.0000E+00
   2.4922E+00   0.0000E+00
   2.4922E+00   0.0000E+00
   2.4923E+00   0.0000E+00
   2.4925E+00   0.0000E+00
   2.4927E+00   0.0000E+00
   2.4932E+00   0.0000E+00
   2.4941E+00   0.0000E+00
   2.4955E+00   0.0000E+00
   2.4980E+00   0.0000E+00
   2.5022E+00   0.0000E+00
   2.5095E+00   0.0000E+00
   2.5170E+00   0.0000E+00
   2.5245E+00   0.0000E+00
   2.5320E+00   0.0000E+00
   2.5395E+00   0.0000E+00
   2.5470E+00   0.0000E+00
   2.5545E+00   0.0000E+00
   2.5620E+00   0.0000E+00
   2.5695E+00   0.0000E+00
   2.5770E+00   0.0000E+00
   2.5845E+00   0.0000E+00
   2.5920E+00   0.0000E+00
   2.5995E+00   0.0000E+00
   2.6070E+00   0.0000E+00
   2.6145E+00   0.0000E+00
   2.6190E+00   0.0000E+00
   2.6216E+00   0.0000E+00
   2.6248E+00   0.0000E+00
   2.6288E+00   0.0000E+00
   2.6358E+00   0.0000E+00
   2.6432E+00   0.0000E+00
   2.6507E+00   0.0000E+00
   2.6583E+00   0.0000E+00
   2.6658E+00   0.0000E+00
   2.6732E+00   0.0000E+00
   2.6807E+00   0.0000E+00
   2.6883E+00   0.0000E+00
   2.6957E+00   0.0000E+00
   2.7032E+00   0.0000E+00
   2.7108E+00   0.0000E+00
   2.7183E+00   0.0000E+00
   2.7257E+00   0.0000E+00
   2.7332E+00   0.0000E+00
   2.7408E+00   0.0000E+00
   2.7483E+00   0.0000E+00
   2.7557E+00   0.0000E+00
   2.7633E+00   0.0000E+00
   2.7708E+00   0.0000E+00
   2.7778E+00   0.0000E+00
   2.7853E+00   0.0000E+00
   2.7928E+00   0.0000E+00
   2.7976E+00   0.0000E+00
   2.8018E+00   0.0000E+00
   2.8054E+00   0.0000E+00
   2.8088E+00   0.0000E+00
   2.8146E+00   0.0000E+00
   2.8221E+00   0.0000E+00
   2.8296E+00   0.0000E+00
   2.8371E+00   0.0000E+00
   2.8446E+00   0.0000E+00
   2.8521E+00   0.0000E+00
   2.8596E+00   0.0000E+00
   2.8671E+00   0.0000E+00
   2.8746E+00   0.0000E+00
   2.8821E+00   0.0000E+00
   2.8896E+00   0.0000E+00
   2.8971E+00   0.0000E+00
   2.9046E+00   0.0000E+00
   2.9121E+00   0.0000E+00
   2.9194E+00   0.0000E+00
   2.9264E+00   0.0000E+00
   2.9339E+00   0.0000E+00
   2.9414E+00   0.0000E+00
   2.9489E+00   0.0000E+00
   2.9564E+00   0.0000E+00
   2.9639E+00   0.0000E+00
   2.9714E+00   0.0000E+00
   2.9789E+00   0.0000E+00
   2.9864E+00   0.0000E+00
   2.9933E+00   0.0000E+00
   2.9998E+00   0.0000E+00
   3.0073E+00   0.0000E+00
   3.0148E+00   0.0000E+00
   3.0199E+00   0.0000E+00
   3.0238E+00   0.0000E+00
   3.0268E+00   0.0000E+00
   3.0268E+00   0.0000E+00
   3.0268E+00   0.0000E+00
   3.0268E+00   0.0000E+00
   3.0268E+00   0.0000E+00
   3.0268E+00   0.0000E+00
   3.0268E+00   0.0000E+00
   3.0268E+00   0.0000E+00
   3.0268E+00   0.0000E+00
   3.0268E+00   0.0000E+00
   3.0268E+00   0.0000E+00
   3.0269E+00   0.0000E+00
   3.0269E+00   0.0000E+00
   3.0270E+00   0.0000E+00
   3.0272E+00   0.0000E+00
   3.0274E+00   0.0000E+00
   3.0279E+00   0.0000E+00
   3.0283E+00   0.0000E+00
   3.0285E+00   0.0000E+00
   3.0290E+00   0.0000E+00
   3.0293E+00   0.0000E+00
   3.0299E+00   0.0000E+00
   3.0303E+00   0.0000E+00
   3.0305E+00   0.0000E+00
   3.0310E+00   0.0000E+00
   3.0313E+00   0.0000E+00
   3.0319E+00   0.0000E+00
   3.0324E+00   0.0000E+00
   3.0327E+00   0.0000E+00
   3.0332E+00   0.0000E+00
   3.0336E+00   0.0000E+00
   3.0338E+00   0.0000E+00
   3.0343E+00   0.0000E+00
   3.0346E+00   0.0000E+00
   3.0352E+00   0.0000E+00
   3.0356E+00   0.0000E+00
   3.0359E+00   0.0000E+00
   3.0363E+00   0.0000E+00
   3.0367E+00   0.0000E+00
   3.0371E+00   0.0000E+00
   3.0374E+00   0.0000E+00
   3.0378E+00   0.0000E+00
   3.0380E+00   0.0000E+00
   3.0384E+00   0.0000E+00
   3.0390E+00   0.0000E+00
   3.0395E+00   0.0000E+00
   3.0399E+00   0.0000E+00
   3.0404E+00   0.0000E+00
   3.0406E+00   0.0000E+00
   3.0412E+00   0.0000E+00
   3.0415E+00   0.0000E+00
   3.0419E+00   0.0000E+00
   3.0422E+00   0.0000E+00
   3.0426E+00   0.0000E+00
   3.0428E+00   0.0000E+00
   3.0429E+00   0.0000E+00
   3.0431E+00   0.0000E+00
   3.0434E+00   0.0000E+00
   3.0439E+00   0.0000E+00
   3.0441E+00   0.0000E+00
   3.0445E+00   0.0000E+00
   3.0450E+00   0.0000E+00
   3.0456E+00   0.0000E+00
   3.0462E+00   0.0000E+00
   3.0464E+00   0.0000E+00
   3.0468E+00   0.0000E+00
   3.0471E+00   0.0000E+00
   3.0474E+00   0.0000E+00
   3.0477E+00   0.0000E+00
   3.0480E+00   0.0000E+00
   3.0483E+00   0.0000E+00
   3.0487E+00   0.0000E+00
   3.0489E+00   0.0000E+00
   3.0493E+00   0.0000E+00
   3.0495E+00   0.0000E+00
   3.0499E+00   0.0000E+00
   3.0503E+00   0.0000E+00
   3.0505E+00   0.0000E+00
   3.0505E+00   0.0000E+00
   3.0505E+00   0.0000E+00
   3.0505E+00   0.0000E+00
   3.0505E+00   0.0000E+00
   3.0505E+00   0.0000E+00
   3.0505E+00   0.0000E+00
   3.0505E+00   0.0000E+00
   3.0505E+00   0.0000E+00
   3.0505E+00   0.0000E+00
   3.0505E+00   0.0000E+00
   3.0505E+00   0.0000E+00
   3.0505E+00   0.0000E+00
   3.0505E+00   0.0000E+00
   3.0505E+00   0.0000E+00
   3.0505E+00   0.0000E+00
   3.0505E+00   0.0000E+00
   3.0505E+00   0.0000E+00
   3.0505E+00   0.0000E+00
   3.0505E+00   0.0000E+00
   3.0505E+00   0.0000E+00
   3.0505E+00   0.0000E+00
   3.0505E+00   0.0000E+00
   3.0505E+00   0.0000E+00
   3.0505E+00   0.0000E+00
   3.0506E+00   0.0000E+00
   3.0506E+00   0.0000E+00
   3.0506E+00   0.0000E+00
   3.0506E+00   0.0000E+00
   3.0506E+00   0.0000E+00
   3.0506E+00   0.0000E+00
   3.0506E+00   0.0000E+00
   3.0506E+00   0.0000E+00
   3.0506E+00   0.0000E+00
   3.0506E+00   0.0000E+00
   3.0506E+00   0.0000E+00
   3.0506E+00   0.0000E+00
   3.0506E+00   0.0000E+00
   3.0506E+00   0.0000E+00
   3.0506E+00   0.0000E+00
   3.0506E+00   0.0000E+00
   3.0506E+00   0.0000E+00
   3.0506E+00   0.0000E+00
   3.0507E+00   0.0000E+00
   3.0507E+00   0.0000E+00
   3.0507E+00   0.0000E+00
   3.0507E+00   0.0000E+00
   3.0507E+00   0.0000E+00
   3.0508E+00   0.0000E+00
   3.0508E+00   0.0000E+00
   3.0508E+00   0.0000E+00
   3.0508E+00   0.0000E+00
   3.0509E+00   0.0000E+00
   3.0509E+00   0.0000E+00
   3.0509E+00   0.0000E+00
   3.0510E+00   0.0000E+00
   3.0510E+00   0.0000E+00
   3.0510E+00   0.0000E+00
   3.0511E+00   0.0000E+00
   3.0511E+00   0.0000E+00
   3.0511E+00   0.0000E+00
   3.0512E+00   0.0000E+00
   3.0512E+00   0.0000E+00
   3.0513E+00   0.0000E+00
   3.0514E+00   0.0000E+00
   3.0515E+00   0.0000E+00
   3.0516E+00   0.0000E+00
   3.0517E+00   0.0000E+00
   3.0519E+00   0.0000E+00
   3.0519E+00   0.0000E+00
   3.0519E+00   0.0000E+00
   3.0519E+00   0.0000E+00
   3.0519E+00   0.0000E+00
   3.0520E+00   0.0000E+00
   3.0520E+00   0.0000E+00
   3.0520E+00   0.0000E+00
   3.0521E+00   0.0000E+00
   3.0521E+00   0.0000E+00
   3.0521E+00   0.0000E+00
   3.0521E+00   0.0000E+00
   3.0521E+00   0.0000E+00
   3.0521E+00   0.0000E+00
   3.0521E+00   0.0000E+00
   3.0521E+00   0.0000E+00
   3.0521E+00   0.0000E+00
   3.0521E+00   0.0000E+00
   3.0522E+00   0.0000E+00
   3.0522E+00   0.0000E+00
   3.0522E+00   0.0000E+00
   3.0522E+00   0.0000E+00
   3.0522E+00   0.0000E+00
   3.0522E+00   0.0000E+00
   3.0522E+00   0.0000E+00
   3.0522E+00   0.0000E+00
   3.0522E+00   0.0000E+00
   3.0523E+00   0.0000E+00
   3.0523E+00   0.0000E+00
   3.0523E+00   0.0000E+00
   3.0524E+00   0.0000E+00
   3.0525E+00   0.0000E+00
   3.0525E+00   0.0000E+00
   3.0526E+00   0.0000E+00
   3.0528E+00   0.0000E+00
   3.0529E+00   0.0000E+00
   3.0529E+00   0.0000E+00
   3.0530E+00   0.0000E+00
   3.0531E+00   0.0000E+00
   3.0533E+00   0.0000E+00
   3.0535E+00   0.0000E+00
   3.0539E+00   0.0000E+00
   3.0543E+00   0.0000E+00
   3.0545E+00   0.0000E+00
   3.0548E+00   0.0000E+00
   3.0550E+00   0.0000E+00
   3.0554E+00   0.0000E+00
   3.0556E+00   0.0000E+00
   3.0559E+00   0.0000E+00
   3.0561E+00   0.0000E+00
   3.0563E+00   0.0000E+00
   3.0566E+00   0.0000E+00
   3.0568E+00   0.0000E+00
   3.0572E+00   0.0000E+00
   3.0573E+00   0.0000E+00
   3.0577E+00   0.0000E+00
   3.0582E+00   0.0000E+00
   3.0584E+00   0.0000E+00
   3.0588E+00   0.0000E+00
   3.0594E+00   0.0000E+00
   3.0598E+00   0.0000E+00
   3.0600E+00   0.0000E+00
   3.0603E+00   0.0000E+00
   3.0605E+00   0.0000E+00
   3.0608E+00   0.0000E+00
   3.0612E+00   0.0000E+00
   3.0615E+00   0.0000E+00
   3.0618E+00   0.0000E+00
   3.0623E+00   0.0000E+00
   3.0626E+00   0.0000E+00
   3.0629E+00   0.0000E+00
   3.0635E+00   0.0000E+00
   3.0638E+00   0.0000E+00
   3.0643E+00   0.0000E+00
   3.0646E+00   0.0000E+00
   3.0647E+00   0.0000E+00
   3.0647E+00   0.0000E+00
   3.0648E+00   0.0000E+00
   3.0648E+00   0.0000E+00
   3.0648E+00   0.0000E+00
   3.0649E+00   0.0000E+00
   3.0649E+00   0.0000E+00
   3.0650E+00   0.0000E+00
   3.0652E+00   0.0000E+00
   3.0655E+00   0.0000E+00
   3.0657E+00   0.0000E+00
   3.0659E+00   0.0000E+00
   3.0662E+00   0.0000E+00
   3.0667E+00   0.0000E+00
   3.0670E+00   0.0000E+00
   3.0672E+00   0.0000E+00
   3.0673E+00   0.0000E+00
   3.0674E+00   0.0000E+00
   3.0675E+00   0.0000E+00
   3.0678E+00   0.0000E+00
   3.0682E+00   0.0000E+00
   3.0685E+00   0.0000E+00
   3.0689E+00   0.0000E+00
   3.0692E+00   0.0000E+00
   3.0695E+00   0.0000E+00
   3.0697E+00   0.0000E+00
   3.0701E+00   0.0000E+00
   3.0703E+00   0.0000E+00
   3.0706E+00   0.0000E+00
   3.0712E+00   0.0000E+00
   3.0714E+00   0.0000E+00
   3.0718E+00   0.0000E+00
   3.0720E+00   0.0000E+00
   3.0724E+00   0.0000E+00
   3.0727E+00   0.0000E+00
   3.0730E+00   0.0000E+00
   3.0735E+00   0.0000E+00
   3.0737E+00   0.0000E+00
   3.0739E+00   0.0000E+00
   3.0744E+00   0.0000E+00
   3.0746E+00   0.0000E+00
   3.0750E+00   0.0000E+00
   3.0753E+00   0.0000E+00
   3.0758E+00   0.0000E+00
   3.0760E+00   0.0000E+00
   3.0765E+00   0.0000E+00
   3.0768E+00   0.0000E+00
   3.0771E+00   0.0000E+00
   3.0777E+00   0.0000E+00
   3.0779E+00   0.0000E+00
   3.0782E+00   0.0000E+00
   3.0784E+00   0.0000E+00
   3.0787E+00   0.0000E+00
   3.0793E+00   0.0000E+00
   3.0795E+00   0.0000E+00
   3.0800E+00   0.0000E+00
   3.0802E+00   0.0000E+00
   3.0805E+00   0.0000E+00
   3.0806E+00   0.0000E+00
   3.0809E+00   0.0000E+00
   3.0815E+00   0.0000E+00
   3.0818E+00   0.0000E+00
   3.0824E+00   0.0000E+00
   3.0828E+00   0.0000E+00
   3.0830E+00   0.0000E+00
   3.0833E+00   0.0000E+00
   3.0835E+00   0.0000E+00
   3.0839E+00   0.0000E+00
   3.0842E+00   0.0000E+00
   3.0845E+00   0.0000E+00
   3.0847E+00   0.0000E+00
   3.0852E+00   0.0000E+00
   3.0854E+00   0.0000E+00
   3.0858E+00   0.0000E+00
   3.0860E+00   0.0000E+00
   3.0861E+00   0.0000E+00
   3.0863E+00   0.0000E+00
   3.0866E+00   0.0000E+00
   3.0869E+00   0.0000E+00
   3.0873E+00   0.0000E+00
   3.0873E+00   0.0000E+00
   3.0873E+00   0.0000E+00
   3.0874E+00   0.0000E+00
   3.0874E+00   0.0000E+00
   3.0875E+00   0.0000E+00
   3.0875E+00   0.0000E+00
   3.0875E+00   0.0000E+00
   3.0875E+00   0.0000E+00
   3.0875E+00   0.0000E+00
   3.0875E+00   0.0000E+00
   3.0875E+00   0.0000E+00
   3.0875E+00   0.0000E+00
   3.0876E+00   0.0000E+00
   3.0876E+00   0.0000E+00
   3.0876E+00   0.0000E+00
   3.0876E+00   0.0000E+00
   3.0876E+00   0.0000E+00
   3.0876E+00   0.0000E+00
   3.0876E+00   0.0000E+00
   3.0876E+00   0.0000E+00
   3.0876E+00   0.0000E+00
   3.0876E+00   0.0000E+00
   3.0877E+00   0.0000E+00
   3.0877E+00   0.0000E+00
   3.0877E+00   0.0000E+00
   3.0877E+00   0.0000E+00
   3.0877E+00   0.0000E+00
   3.0878E+00   0.0000E+00
   3.0879E+00   0.0000E+00
   3.0880E+00   0.0000E+00
   3.0883E+00   0.0000E+00
   3.0886E+00   0.0000E+00
   3.0886E+00   0.0000E+00
   3.0886E+00   0.0000E+00
   3.0886E+00   0.0000E+00
   3.0886E+00   0.0000E+00
   3.0886E+00   0.0000E+00
   3.0887E+00   0.0000E+00
   3.0887E+00   0.0000E+00
   3.0887E+00   0.0000E+00
   3.0888E+00   0.0000E+00
   3.0889E+00   0.0000E+00
   3.0890E+00   0.0000E+00
   3.0891E+00   0.0000E+00
   3.0891E+00   0.0000E+00
   3.0891E+00   0.0000E+00
   3.0892E+00   0.0000E+00
   3.0892E+00   0.0000E+00
   3.0892E+00   0.0000E+00
   3.0893E+00   0.0000E+00
   3.0893E+00   0.0000E+00
   3.0893E+00   0.0000E+00
   3.0894E+00   0.0000E+00
   3.0895E+00   0.0000E+00
   3.0896E+00   0.0000E+00
   3.0896E+00   0.0000E+00
   3.0897E+00   0.0000E+00
   3.0897E+00   0.0000E+00
   3.0897E+00   0.0000E+00
   3.0897E+00   0.0000E+00
   3.0898E+00   0.0000E+00
   3.0898E+00   0.0000E+00
   3.0898E+00   0.0000E+00
   3.0899E+00   0.0000E+00
   3.0900E+00   0.0000E+00
   3.0901E+00   0.0000E+00
   3.0902E+00   0.0000E+00
   3.0902E+00   0.0000E+00
   3.0903E+00   0.0000E+00
   3.0904E+00   0.0000E+00
   3.0905E+00   0.0000E+00
   3.0905E+00   0.0000E+00
   3.0906E+00   0.0000E+00
   3.0907E+00   0.0000E+00
   3.0909E+00   0.0000E+00
   3.0911E+00   0.0000E+00
   3.0916E+00   0.0000E+00
   3.0924E+00   0.0000E+00
   3.0924E+00   0.0000E+00
   3.0924E+00   0.0000E+00
   3.0924E+00   0.0000E+00
   3.0924E+00   0.0000E+00
   3.0924E+00   0.0000E+00
   3.0924E+00   0.0000E+00
   3.0924E+00   0.0000E+00
   3.0924E+00   0.0000E+00
   3.0924E+00   0.0000E+00
   3.0925E+00   0.0000E+00
   3.0926E+00   0.0000E+00
   3.0927E+00   0.0000E+00
   3.0929E+00   0.0000E+00
   3.0933E+00   0.0000E+00
   3.0940E+00   0.0000E+00
   3.0940E+00   0.0000E+00
   3.0940E+00   0.0000E+00
   3.0940E+00   0.0000E+00
   3.0940E+00   0.0000E+00
   3.0940E+00   0.0000E+00
   3.0940E+00   0.0000E+00
   3.0940E+00   0.0000E+00
   3.0940E+00   0.0000E+00
   3.0941E+00   0.0000E+00
   3.0942E+00   0.0000E+00
   3.0943E+00   0.0000E+00
   3.0945E+00   0.0000E+00
   3.0948E+00   0.0000E+00
   3.0952E+00   0.0000E+00
   3.0954E+00   0.0000E+00
   3.0958E+00   0.0000E+00
   3.0960E+00   0.0000E+00
   3.0964E+00   0.0000E+00
   3.0966E+00   0.0000E+00
   3.0970E+00   0.0000E+00
   3.0975E+00   0.0000E+00
   3.0977E+00   0.0000E+00
   3.0981E+00   0.0000E+00
   3.0984E+00   0.0000E+00
   3.0988E+00   0.0000E+00
   3.0990E+00   0.0000E+00
   3.0994E+00   0.0000E+00
   3.0996E+00   0.0000E+00
   3.1000E+00   0.0000E+00
   3.1001E+00   0.0000E+00
   3.1004E+00   0.0000E+00
   3.1010E+00   0.0000E+00
   3.1013E+00   0.0000E+00
   3.1016E+00   0.0000E+00
   3.1021E+00   0.0000E+00
   3.1025E+00   0.0000E+00
   3.1028E+00   0.0000E+00
   3.1033E+00   0.0000E+00
   3.1037E+00   0.0000E+00
   3.1041E+00   0.0000E+00
   3.1046E+00   0.0000E+00
   3.1051E+00   0.0000E+00
   3.1054E+00   0.0000E+00
   3.1058E+00   0.0000E+00
   3.1063E+00   0.0000E+00
   3.1067E+00   0.0000E+00
   3.1070E+00   0.0000E+00
   3.1073E+00   0.0000E+00
   3.1079E+00   0.0000E+00
   3.1082E+00   0.0000E+00
   3.1085E+00   0.0000E+00
   3.1089E+00   0.0000E+00
   3.1093E+00   0.0000E+00
   3.1098E+00   0.0000E+00
   3.1102E+00   0.0000E+00
   3.1105E+00   0.0000E+00
   3.1109E+00   0.0000E+00
   3.1112E+00   0.0000E+00
   3.1118E+00   0.0000E+00
   3.1122E+00   0.0000E+00
   3.1124E+00   0.0000E+00
   3.1129E+00   0.0000E+00
   3.1132E+00   0.0000E+00
   3.1137E+00   0.0000E+00
   3.1141E+00   0.0000E+00
   3.1143E+00   0.0000E+00
   3.1148E+00   0.0000E+00
   3.1155E+00   0.0000E+00
   3.1164E+00   0.0000E+00
   3.1179E+00   0.0000E+00
   3.1205E+00   0.0000E+00
   3.1250E+00   0.0000E+00
   3.1325E+00   0.0000E+00
   3.1400E+00   0.0000E+00
   3.1475E+00   0.0000E+00
   3.1550E+00   0.0000E+00
   3.1610E+00   0.0000E+00
   3.1685E+00   0.0000E+00
   3.1760E+00   0.0000E+00
   3.1835E+00   0.0000E+00
   3.1910E+00   0.0000E+00
   3.1985E+00   0.0000E+00
   3.2060E+00   0.0000E+00
   3.2135E+00   0.0000E+00
   3.2204E+00   0.0000E+00
   3.2279E+00   0.0000E+00
   3.2354E+00   0.0000E+00
   3.2429E+00   0.0000E+00
   3.2475E+00   0.0000E+00
   3.2502E+00   0.0000E+00
   3.2522E+00   0.0000E+00
   3.2556E+00   0.0000E+00
   3.2616E+00   0.0000E+00
   3.2691E+00   0.0000E+00
   3.2766E+00   0.0000E+00
   3.2841E+00   0.0000E+00
   3.2916E+00   0.0000E+00
   3.2991E+00   0.0000E+00
   3.3066E+00   0.0000E+00
   3.3141E+00   0.0000E+00
   3.3216E+00   0.0000E+00
   3.3291E+00   0.0000E+00
   3.3366E+00   0.0000E+00
   3.3441E+00   0.0000E+00
   3.3516E+00   0.0000E+00
   3.3591E+00   0.0000E+00
   3.3666E+00   0.0000E+00
   3.3741E+00   0.0000E+00
   3.3816E+00   0.0000E+00
   3.3891E+00   0.0000E+00
   3.3966E+00   0.0000E+00
   3.4041E+00   0.0000E+00
   3.4116E+00   0.0000E+00
   3.4191E+00   0.0000E+00
   3.4266E+00   0.0000E+00
   3.4341E+00   0.0000E+00
   3.4416E+00   0.0000E+00
   3.4491E+00   0.0000E+00
   3.4566E+00   0.0000E+00
   3.4641E+00   0.0000E+00
   3.4716E+00   0.0000E+00
   3.4791E+00   0.0000E+00
   3.4866E+00   0.0000E+00
   3.4941E+00   0.0000E+00
   3.5016E+00   0.0000E+00
   3.5091E+00   0.0000E+00
   3.5166E+00   0.0000E+00
   3.5241E+00   0.0000E+00
   3.5261E+00   0.0000E+00
   3.5274E+00   0.0000E+00
   3.5274E+00   0.0000E+00
   3.5274E+00   0.0000E+00
   3.5274E+00   0.0000E+00
   3.5274E+00   0.0000E+00
   3.5274E+00   0.0000E+00
   3.5274E+00   0.0000E+00
   3.5274E+00   0.0000E+00
   3.5274E+00   0.0000E+00
   3.5274E+00   0.0000E+00
   3.5274E+00   0.0000E+00
   3.5274E+00   0.0000E+00
   3.5274E+00   0.0000E+00
   3.5274E+00   0.0000E+00
   3.5274E+00   0.0000E+00
   3.5274E+00   0.0000E+00
   3.5274E+00   0.0000E+00
   3.5274E+00   0.0000E+00
   3.5274E+00   0.0000E+00
   3.5274E+00   0.0000E+00
   3.5274E+00   0.0000E+00
   3.5274E+00   0.0000E+00
   3.5274E+00   0.0000E+00
   3.5274E+00   0.0000E+00
   3.5274E+00   0.0000E+00
   3.5274E+00   0.0000E+00
   3.5274E+00   0.0000E+00
