TIME = 2.000017 s
    zone    radius      te    reg      ti    reg      ne          ni         vloop        jz          q      thermal beta
       2      0.80   9.985E-01 lm   9.953E-01 lm   3.413E+13   2.788E+13   2.723E+00   3.613E-01   8.339E-01   1.096E-03
       3      2.39   9.981E-01 lm   9.953E-01 nc   3.409E+13   2.785E+13   2.720E+00   3.567E-01   8.365E-01   1.094E-03
       4      3.99   9.974E-01 lm   9.956E-01 nc   3.401E+13   2.777E+13   2.719E+00   3.476E-01   8.443E-01   1.091E-03
       5      5.58   9.959E-01 lm   9.950E-01 nc   3.390E+13   2.768E+13   2.717E+00   3.364E-01   8.579E-01   1.086E-03
       6      7.18   9.928E-01 lm   9.922E-01 nc   3.380E+13   2.759E+13   2.715E+00   3.244E-01   8.752E-01   1.080E-03
       7      8.77   9.889E-01 lm   9.884E-01 nc   3.367E+13   2.748E+13   2.713E+00   3.122E-01   8.948E-01   1.071E-03
       8     10.37   9.841E-01 lm   9.838E-01 nc   3.351E+13   2.736E+13   2.711E+00   3.001E-01   9.163E-01   1.061E-03
       9     11.96   9.785E-01 lm   9.782E-01 lm   3.333E+13   2.721E+13   2.708E+00   2.883E-01   9.392E-01   1.049E-03
      10     13.56   9.721E-01 lm   9.718E-01 lm   3.313E+13   2.704E+13   2.705E+00   2.769E-01   9.631E-01   1.036E-03
      11     15.15   9.649E-01 lm   9.643E-01 lm   3.290E+13   2.685E+13   2.702E+00   2.659E-01   9.881E-01   1.021E-03
      12     16.74   9.568E-01 lm   9.560E-01 lm   3.264E+13   2.664E+13   2.699E+00   2.553E-01   1.014E+00   1.005E-03
      13     18.34   9.481E-01 lm   9.470E-01 lm   3.236E+13   2.641E+13   2.695E+00   2.451E-01   1.041E+00   9.868E-04
      14     19.93   9.385E-01 lm   9.375E-01 lm   3.205E+13   2.616E+13   2.691E+00   2.352E-01   1.068E+00   9.675E-04
      15     21.53   9.282E-01 lm   9.272E-01 lm   3.172E+13   2.588E+13   2.687E+00   2.255E-01   1.097E+00   9.469E-04
      16     23.12   9.172E-01 lm   9.166E-01 lm   3.135E+13   2.558E+13   2.682E+00   2.162E-01   1.126E+00   9.250E-04
      17     24.71   9.055E-01 lm   9.052E-01 lm   3.096E+13   2.525E+13   2.677E+00   2.071E-01   1.156E+00   9.018E-04
      18     26.30   8.929E-01 lm   8.926E-01 lm   3.055E+13   2.491E+13   2.671E+00   1.983E-01   1.188E+00   8.773E-04
      19     27.90   8.794E-01 lm   8.790E-01 lm   3.011E+13   2.455E+13   2.665E+00   1.898E-01   1.221E+00   8.515E-04
      20     29.49   8.652E-01 lm   8.645E-01 lm   2.965E+13   2.417E+13   2.659E+00   1.814E-01   1.255E+00   8.247E-04
      21     31.08   8.502E-01 lm   8.498E-01 lm   2.915E+13   2.376E+13   2.653E+00   1.732E-01   1.290E+00   7.970E-04
      22     32.67   8.344E-01 lm   8.342E-01 lm   2.864E+13   2.334E+13   2.646E+00   1.653E-01   1.326E+00   7.683E-04
      23     34.26   8.177E-01 lm   8.178E-01 lm   2.810E+13   2.289E+13   2.638E+00   1.575E-01   1.364E+00   7.388E-04
      24     35.85   8.001E-01 lm   8.004E-01 lm   2.754E+13   2.243E+13   2.630E+00   1.500E-01   1.404E+00   7.085E-04
      25     37.43   7.817E-01 lm   7.823E-01 lm   2.695E+13   2.195E+13   2.621E+00   1.426E-01   1.445E+00   6.775E-04
      26     39.02   7.625E-01 lm   7.626E-01 lm   2.634E+13   2.144E+13   2.612E+00   1.353E-01   1.488E+00   6.457E-04
      27     40.61   7.426E-01 lm   7.423E-01 lm   2.570E+13   2.092E+13   2.603E+00   1.283E-01   1.533E+00   6.133E-04
      28     42.19   7.219E-01 th   7.216E-01 th   2.503E+13   2.037E+13   2.593E+00   1.214E-01   1.580E+00   5.807E-04
      29     43.77   7.004E-01 th   7.005E-01 th   2.434E+13   1.980E+13   2.582E+00   1.147E-01   1.629E+00   5.479E-04
      30     45.35   6.782E-01 th   6.788E-01 th   2.362E+13   1.921E+13   2.571E+00   1.081E-01   1.681E+00   5.149E-04
      31     46.93   6.552E-01 th   6.557E-01 th   2.288E+13   1.859E+13   2.560E+00   1.017E-01   1.734E+00   4.816E-04
      32     48.51   6.315E-01 th   6.320E-01 th   2.210E+13   1.795E+13   2.548E+00   9.545E-02   1.791E+00   4.484E-04
      33     50.09   6.070E-01 th   6.075E-01 th   2.130E+13   1.729E+13   2.535E+00   8.935E-02   1.850E+00   4.153E-04
      34     51.66   5.817E-01 th   5.824E-01 th   2.048E+13   1.661E+13   2.521E+00   8.340E-02   1.912E+00   3.825E-04
      35     53.23   5.556E-01 th   5.565E-01 th   1.963E+13   1.591E+13   2.507E+00   7.760E-02   1.977E+00   3.501E-04
      36     54.80   5.285E-01 th   5.302E-01 th   1.876E+13   1.520E+13   2.492E+00   7.194E-02   2.045E+00   3.184E-04
      37     56.37   5.006E-01 th   5.032E-01 th   1.787E+13   1.446E+13   2.476E+00   6.642E-02   2.117E+00   2.874E-04
      38     57.93   4.721E-01 th   4.757E-01 th   1.694E+13   1.370E+13   2.460E+00   6.105E-02   2.193E+00   2.571E-04
      39     59.49   4.430E-01 th   4.475E-01 th   1.598E+13   1.290E+13   2.443E+00   5.581E-02   2.273E+00   2.278E-04
      40     61.05   4.132E-01 th   4.188E-01 th   1.499E+13   1.209E+13   2.426E+00   5.070E-02   2.357E+00   1.995E-04
      41     62.61   3.826E-01 th   3.902E-01 th   1.398E+13   1.125E+13   2.407E+00   4.573E-02   2.446E+00   1.726E-04
      42     64.16   3.512E-01 th   3.609E-01 th   1.294E+13   1.039E+13   2.388E+00   4.088E-02   2.540E+00   1.470E-04
      43     65.71   3.188E-01 th   3.306E-01 th   1.187E+13   9.512E+12   2.369E+00   3.614E-02   2.639E+00   1.228E-04
      44     67.26   2.843E-01 th   2.982E-01 th   1.077E+13   8.605E+12   2.350E+00   3.153E-02   2.745E+00   9.972E-05
      45     68.80   2.403E-01 th   2.578E-01 th   9.634E+12   7.667E+12   2.342E+00   2.715E-02   2.857E+00   7.604E-05
      46     70.34   2.105E-01 th   2.307E-01 th   8.439E+12   6.686E+12   2.426E+00   2.369E-02   2.975E+00   5.881E-05
      47     71.88   1.806E-01 th   2.049E-01 th   7.141E+12   5.628E+12   3.211E+00   2.537E-02   3.100E+00   4.329E-05
      48     73.41   1.498E-01 th   1.814E-01 th   5.598E+12   4.410E+12   1.712E+00   1.071E-02   3.226E+00   2.903E-05
      49     74.94   1.034E-01 th   1.296E-01 th   4.278E+12   3.387E+12   1.705E+00   7.784E-03   3.373E+00   1.561E-05
      50     76.47   7.091E-02 th   9.799E-02 th   3.002E+12   2.387E+12   1.702E+00   5.022E-03   3.530E+00   7.917E-06
      51     77.99   3.631E-02 th   6.471E-02 th   1.805E+12   1.405E+12   1.704E+00   2.237E-03   3.695E+00   2.772E-06
      52     79.51   1.000E-03 th   1.000E-03 th   3.964E+11   4.000E+11   1.704E+00   0.000E+00   3.870E+00   1.411E-08

TIME = 2.204921 s
    zone    radius      te    reg      ti    reg      ne          ni         vloop        jz          q      thermal beta
       2      0.80   1.780E+00 lm   1.379E+00 lm   4.283E+13   3.977E+13   9.504E-01   3.801E-01   7.904E-01   2.323E-03
       3      2.39   1.778E+00 lm   1.381E+00 nc   4.277E+13   3.972E+13   9.538E-01   3.714E-01   7.950E-01   2.319E-03
       4      3.99   1.774E+00 lm   1.382E+00 nc   4.241E+13   3.940E+13   9.615E-01   3.562E-01   8.087E-01   2.298E-03
       5      5.58   1.768E+00 lm   1.382E+00 nc   4.206E+13   3.910E+13   9.714E-01   3.409E-01   8.302E-01   2.276E-03
       6      7.18   1.761E+00 lm   1.380E+00 nc   4.176E+13   3.885E+13   9.823E-01   3.272E-01   8.540E-01   2.253E-03
       7      8.77   1.753E+00 lm   1.376E+00 nc   4.149E+13   3.863E+13   9.933E-01   3.149E-01   8.780E-01   2.230E-03
       8     10.37   1.742E+00 lm   1.371E+00 lm   4.123E+13   3.842E+13   1.004E+00   3.039E-01   9.017E-01   2.206E-03
       9     11.96   1.731E+00 lm   1.363E+00 lm   4.097E+13   3.822E+13   1.015E+00   2.936E-01   9.250E-01   2.180E-03
      10     13.56   1.717E+00 lm   1.355E+00 lm   4.069E+13   3.800E+13   1.025E+00   2.839E-01   9.480E-01   2.150E-03
      11     15.15   1.700E+00 lm   1.347E+00 lm   4.038E+13   3.775E+13   1.035E+00   2.745E-01   9.709E-01   2.118E-03
      12     16.74   1.681E+00 lm   1.338E+00 lm   4.003E+13   3.748E+13   1.045E+00   2.654E-01   9.938E-01   2.080E-03
      13     18.34   1.657E+00 lm   1.324E+00 lm   3.966E+13   3.718E+13   1.055E+00   2.562E-01   1.017E+00   2.037E-03
      14     19.93   1.627E+00 lm   1.306E+00 lm   3.926E+13   3.687E+13   1.065E+00   2.469E-01   1.041E+00   1.985E-03
      15     21.53   1.592E+00 lm   1.282E+00 lm   3.883E+13   3.653E+13   1.076E+00   2.370E-01   1.065E+00   1.925E-03
      16     23.12   1.553E+00 lm   1.256E+00 lm   3.837E+13   3.617E+13   1.090E+00   2.278E-01   1.091E+00   1.861E-03
      17     24.71   1.508E+00 lm   1.228E+00 th   3.775E+13   3.568E+13   1.086E+00   2.154E-01   1.118E+00   1.785E-03
      18     26.30   1.450E+00 th   1.189E+00 th   3.682E+13   3.493E+13   1.092E+00   2.012E-01   1.148E+00   1.682E-03
      19     27.90   1.414E+00 th   1.160E+00 th   3.612E+13   3.434E+13   1.100E+00   1.913E-01   1.182E+00   1.610E-03
      20     29.49   1.371E+00 th   1.127E+00 th   3.531E+13   3.365E+13   1.115E+00   1.831E-01   1.217E+00   1.530E-03
      21     31.08   1.327E+00 th   1.095E+00 th   3.440E+13   3.285E+13   1.132E+00   1.749E-01   1.253E+00   1.446E-03
      22     32.67   1.285E+00 th   1.064E+00 th   3.344E+13   3.200E+13   1.149E+00   1.671E-01   1.291E+00   1.365E-03
      23     34.26   1.244E+00 th   1.032E+00 th   3.245E+13   3.112E+13   1.168E+00   1.598E-01   1.329E+00   1.285E-03
      24     35.85   1.204E+00 th   9.999E-01 th   3.144E+13   3.020E+13   1.187E+00   1.527E-01   1.369E+00   1.206E-03
      25     37.43   1.164E+00 th   9.672E-01 th   3.041E+13   2.925E+13   1.207E+00   1.459E-01   1.410E+00   1.128E-03
      26     39.02   1.124E+00 th   9.347E-01 th   2.936E+13   2.828E+13   1.229E+00   1.393E-01   1.452E+00   1.053E-03
      27     40.61   1.085E+00 th   9.029E-01 th   2.829E+13   2.729E+13   1.251E+00   1.330E-01   1.495E+00   9.806E-04
      28     42.19   1.046E+00 th   8.723E-01 th   2.722E+13   2.629E+13   1.274E+00   1.269E-01   1.540E+00   9.110E-04
      29     43.77   1.008E+00 th   8.429E-01 th   2.614E+13   2.528E+13   1.298E+00   1.210E-01   1.587E+00   8.442E-04
      30     45.35   9.691E-01 th   8.137E-01 th   2.504E+13   2.425E+13   1.322E+00   1.153E-01   1.635E+00   7.796E-04
      31     46.93   9.306E-01 th   7.841E-01 th   2.393E+13   2.320E+13   1.347E+00   1.096E-01   1.685E+00   7.170E-04
      32     48.51   8.919E-01 th   7.552E-01 th   2.280E+13   2.213E+13   1.371E+00   1.040E-01   1.736E+00   6.565E-04
      33     50.09   8.526E-01 th   7.274E-01 th   2.164E+13   2.103E+13   1.396E+00   9.830E-02   1.790E+00   5.981E-04
      34     51.66   8.121E-01 th   7.009E-01 th   2.045E+13   1.990E+13   1.419E+00   9.251E-02   1.846E+00   5.414E-04
      35     53.23   7.700E-01 th   6.754E-01 th   1.923E+13   1.873E+13   1.441E+00   8.650E-02   1.905E+00   4.865E-04
      36     54.80   7.254E-01 th   6.508E-01 th   1.798E+13   1.753E+13   1.461E+00   8.024E-02   1.966E+00   4.333E-04
      37     56.37   6.780E-01 th   6.262E-01 th   1.671E+13   1.630E+13   1.480E+00   7.372E-02   2.032E+00   3.816E-04
      38     57.93   6.271E-01 th   6.010E-01 th   1.539E+13   1.503E+13   1.496E+00   6.688E-02   2.101E+00   3.312E-04
      39     59.49   5.720E-01 th   5.742E-01 th   1.405E+13   1.373E+13   1.510E+00   5.970E-02   2.175E+00   2.821E-04
      40     61.05   5.120E-01 th   5.449E-01 th   1.266E+13   1.238E+13   1.521E+00   5.221E-02   2.255E+00   2.344E-04
      41     62.61   4.461E-01 th   5.114E-01 th   1.122E+13   1.099E+13   1.529E+00   4.441E-02   2.341E+00   1.883E-04
      42     64.16   3.730E-01 th   4.700E-01 th   9.763E+12   9.564E+12   1.536E+00   3.628E-02   2.434E+00   1.442E-04
      43     65.71   2.930E-01 th   4.176E-01 th   8.335E+12   8.170E+12   1.540E+00   2.805E-02   2.534E+00   1.037E-04
      44     67.26   2.027E-01 th   3.499E-01 th   6.957E+12   6.823E+12   1.543E+00   1.944E-02   2.645E+00   6.728E-05
      45     68.80   8.133E-02 th   2.482E-01 th   5.478E+12   5.399E+12   1.552E+00   7.985E-03   2.766E+00   3.164E-05
      46     70.34   7.683E-02 th   2.440E-01 th   3.889E+12   3.839E+12   1.555E+00   6.739E-03   2.902E+00   2.190E-05
      47     71.88   7.303E-02 th   2.407E-01 th   2.210E+12   2.188E+12   1.563E+00   5.700E-03   3.045E+00   1.219E-05
      48     73.41   5.357E-02 th   2.200E-01 th   1.427E+12   1.106E+12   8.800E-03   7.053E-05   3.193E+00   5.665E-06
      49     74.94   1.008E-03 th   2.175E-03 th   9.018E+11   9.055E+11   1.533E-03  -8.236E-05   3.353E+00   5.100E-08
      50     76.47   1.007E-03 th   1.002E-03 th   7.746E+11   7.783E+11   3.494E-03  -4.924E-05   3.520E+00   2.764E-08
      51     77.99   1.005E-03 th   9.988E-04 th   5.827E+11   5.864E+11   6.679E-01  -1.507E-05   3.692E+00   2.075E-08
      52     79.51   1.004E-03 th   1.000E-03 th   3.561E+11   3.598E+11   6.679E-01   0.000E+00   3.870E+00   1.271E-08

TIME = 2.400051 s
    zone    radius      te    reg      ti    reg      ne          ni         vloop        jz          q      thermal beta
       2      0.80   1.633E+00 lm   1.316E+00 lm   4.285E+13   4.211E+13   8.868E-01   3.843E-01   7.816E-01   2.221E-03
       3      2.39   1.636E+00 lm   1.327E+00 nc   4.279E+13   4.205E+13   8.852E-01   3.748E-01   7.864E-01   2.229E-03
       4      3.99   1.646E+00 lm   1.351E+00 nc   4.223E+13   4.148E+13   8.864E-01   3.588E-01   8.011E-01   2.225E-03
       5      5.58   1.656E+00 lm   1.382E+00 nc   4.172E+13   4.095E+13   8.910E-01   3.431E-01   8.234E-01   2.227E-03
       6      7.18   1.663E+00 lm   1.407E+00 nc   4.135E+13   4.058E+13   8.976E-01   3.295E-01   8.476E-01   2.230E-03
       7      8.77   1.667E+00 lm   1.423E+00 lm   4.108E+13   4.032E+13   9.058E-01   3.177E-01   8.715E-01   2.230E-03
       8     10.37   1.668E+00 lm   1.433E+00 lm   4.089E+13   4.014E+13   9.155E-01   3.071E-01   8.948E-01   2.228E-03
       9     11.96   1.667E+00 lm   1.438E+00 lm   4.077E+13   4.003E+13   9.256E-01   2.975E-01   9.172E-01   2.225E-03
      10     13.56   1.665E+00 lm   1.440E+00 lm   4.068E+13   3.994E+13   9.352E-01   2.885E-01   9.390E-01   2.219E-03
      11     15.15   1.661E+00 lm   1.440E+00 lm   4.057E+13   3.984E+13   9.436E-01   2.799E-01   9.605E-01   2.210E-03
      12     16.74   1.656E+00 lm   1.439E+00 lm   4.043E+13   3.972E+13   9.504E-01   2.715E-01   9.817E-01   2.198E-03
      13     18.34   1.649E+00 lm   1.436E+00 lm   4.024E+13   3.955E+13   9.557E-01   2.629E-01   1.003E+00   2.182E-03
      14     19.93   1.639E+00 lm   1.431E+00 lm   3.999E+13   3.932E+13   9.594E-01   2.542E-01   1.025E+00   2.159E-03
      15     21.53   1.625E+00 lm   1.422E+00 lm   3.965E+13   3.900E+13   9.621E-01   2.452E-01   1.047E+00   2.124E-03
      16     23.12   1.603E+00 lm   1.404E+00 lm   3.919E+13   3.856E+13   9.653E-01   2.358E-01   1.070E+00   2.073E-03
      17     24.71   1.570E+00 lm   1.373E+00 lm   3.857E+13   3.797E+13   9.739E-01   2.263E-01   1.095E+00   1.996E-03
      18     26.30   1.522E+00 th   1.335E+00 th   3.774E+13   3.718E+13   9.827E-01   2.147E-01   1.121E+00   1.898E-03
      19     27.90   1.466E+00 th   1.292E+00 th   3.678E+13   3.626E+13   9.864E-01   1.999E-01   1.150E+00   1.785E-03
      20     29.49   1.417E+00 th   1.250E+00 th   3.583E+13   3.534E+13   1.002E+00   1.894E-01   1.183E+00   1.682E-03
      21     31.08   1.371E+00 th   1.206E+00 th   3.484E+13   3.438E+13   1.028E+00   1.814E-01   1.217E+00   1.581E-03
      22     32.67   1.325E+00 th   1.163E+00 th   3.383E+13   3.341E+13   1.052E+00   1.733E-01   1.253E+00   1.483E-03
      23     34.26   1.280E+00 th   1.121E+00 th   3.282E+13   3.242E+13   1.075E+00   1.655E-01   1.290E+00   1.388E-03
      24     35.85   1.235E+00 th   1.079E+00 th   3.180E+13   3.143E+13   1.099E+00   1.578E-01   1.328E+00   1.297E-03
      25     37.43   1.190E+00 th   1.039E+00 th   3.076E+13   3.042E+13   1.122E+00   1.503E-01   1.367E+00   1.209E-03
      26     39.02   1.146E+00 th   1.001E+00 th   2.972E+13   2.940E+13   1.145E+00   1.428E-01   1.408E+00   1.125E-03
      27     40.61   1.101E+00 th   9.636E-01 th   2.867E+13   2.838E+13   1.168E+00   1.354E-01   1.451E+00   1.044E-03
      28     42.19   1.057E+00 th   9.277E-01 th   2.761E+13   2.734E+13   1.191E+00   1.283E-01   1.495E+00   9.666E-04
      29     43.77   1.013E+00 th   8.933E-01 th   2.654E+13   2.629E+13   1.214E+00   1.213E-01   1.542E+00   8.927E-04
      30     45.35   9.701E-01 th   8.605E-01 th   2.546E+13   2.523E+13   1.236E+00   1.146E-01   1.590E+00   8.223E-04
      31     46.93   9.270E-01 th   8.292E-01 th   2.437E+13   2.416E+13   1.258E+00   1.079E-01   1.641E+00   7.553E-04
      32     48.51   8.837E-01 th   7.995E-01 th   2.327E+13   2.307E+13   1.278E+00   1.014E-01   1.694E+00   6.911E-04
      33     50.09   8.398E-01 th   7.706E-01 th   2.215E+13   2.196E+13   1.297E+00   9.481E-02   1.749E+00   6.294E-04
      34     51.66   7.950E-01 th   7.425E-01 th   2.099E+13   2.083E+13   1.315E+00   8.824E-02   1.808E+00   5.697E-04
      35     53.23   7.493E-01 th   7.151E-01 th   1.981E+13   1.965E+13   1.330E+00   8.161E-02   1.869E+00   5.120E-04
      36     54.80   7.022E-01 th   6.886E-01 th   1.857E+13   1.844E+13   1.343E+00   7.492E-02   1.934E+00   4.561E-04
      37     56.37   6.534E-01 th   6.623E-01 th   1.730E+13   1.717E+13   1.354E+00   6.818E-02   2.003E+00   4.017E-04
      38     57.93   6.022E-01 th   6.356E-01 th   1.597E+13   1.586E+13   1.362E+00   6.133E-02   2.076E+00   3.490E-04
      39     59.49   5.478E-01 th   6.077E-01 th   1.459E+13   1.449E+13   1.367E+00   5.436E-02   2.154E+00   2.977E-04
      40     61.05   4.894E-01 th   5.774E-01 th   1.317E+13   1.308E+13   1.370E+00   4.728E-02   2.238E+00   2.480E-04
      41     62.61   4.258E-01 th   5.428E-01 th   1.170E+13   1.163E+13   1.371E+00   4.009E-02   2.327E+00   2.001E-04
      42     64.16   3.557E-01 th   5.006E-01 th   1.020E+13   1.013E+13   1.372E+00   3.275E-02   2.423E+00   1.541E-04
      43     65.71   2.793E-01 th   4.476E-01 th   8.701E+12   8.648E+12   1.372E+00   2.536E-02   2.527E+00   1.117E-04
      44     67.26   1.926E-01 th   3.785E-01 th   7.235E+12   7.192E+12   1.371E+00   1.750E-02   2.640E+00   7.293E-05
      45     68.80   7.622E-02 th   2.732E-01 th   5.676E+12   5.651E+12   1.380E+00   6.864E-03   2.763E+00   3.502E-05
      46     70.34   7.222E-02 th   2.683E-01 th   4.012E+12   3.996E+12   1.384E+00   5.818E-03   2.900E+00   2.413E-05
      47     71.88   6.889E-02 th   2.633E-01 th   2.273E+12   2.265E+12   1.387E+00   4.939E-03   3.044E+00   1.334E-05
      48     73.41   5.167E-02 th   2.412E-01 th   1.433E+12   1.116E+12   8.589E-03   8.776E-05   3.193E+00   6.080E-06
      49     74.94   9.921E-04 th   9.881E-04 th   8.845E+11   8.881E+11   1.389E-03  -8.236E-05   3.352E+00   3.110E-08
      50     76.47   9.833E-04 th   9.785E-04 th   7.267E+11   7.302E+11   1.421E-03  -4.927E-05   3.520E+00   2.532E-08
      51     77.99   9.742E-04 th   9.676E-04 th   5.123E+11   5.158E+11   3.570E-02  -2.378E-05   3.692E+00   1.769E-08
      52     79.51   1.000E-03 th   1.000E-03 th   3.164E+11   3.200E+11   3.570E-02   0.000E+00   3.870E+00   1.128E-08

TIME = 2.607003 s
    zone    radius      te    reg      ti    reg      ne          ni         vloop        jz          q      thermal beta
       2      0.80   1.759E+00 lm   1.520E+00 lm   4.428E+13   4.408E+13   7.885E-01   3.974E-01   7.551E-01   2.567E-03
       3      2.39   1.756E+00 lm   1.523E+00 nc   4.423E+13   4.404E+13   7.923E-01   3.870E-01   7.601E-01   2.565E-03
       4      3.99   1.753E+00 lm   1.528E+00 nc   4.385E+13   4.366E+13   8.004E-01   3.691E-01   7.751E-01   2.544E-03
       5      5.58   1.748E+00 lm   1.531E+00 nc   4.347E+13   4.328E+13   8.114E-01   3.519E-01   7.984E-01   2.521E-03
       6      7.18   1.743E+00 lm   1.534E+00 nc   4.311E+13   4.292E+13   8.242E-01   3.371E-01   8.236E-01   2.498E-03
       7      8.77   1.736E+00 lm   1.534E+00 lm   4.278E+13   4.259E+13   8.384E-01   3.245E-01   8.484E-01   2.474E-03
       8     10.37   1.728E+00 lm   1.533E+00 lm   4.247E+13   4.229E+13   8.537E-01   3.136E-01   8.722E-01   2.449E-03
       9     11.96   1.719E+00 lm   1.529E+00 lm   4.218E+13   4.200E+13   8.698E-01   3.039E-01   8.950E-01   2.422E-03
      10     13.56   1.707E+00 lm   1.522E+00 lm   4.189E+13   4.172E+13   8.867E-01   2.951E-01   9.168E-01   2.391E-03
      11     15.15   1.691E+00 lm   1.511E+00 lm   4.159E+13   4.142E+13   9.043E-01   2.867E-01   9.378E-01   2.355E-03
      12     16.74   1.672E+00 lm   1.495E+00 lm   4.126E+13   4.109E+13   9.225E-01   2.784E-01   9.585E-01   2.311E-03
      13     18.34   1.649E+00 lm   1.473E+00 lm   4.089E+13   4.073E+13   9.412E-01   2.700E-01   9.790E-01   2.258E-03
      14     19.93   1.621E+00 lm   1.445E+00 lm   4.046E+13   4.031E+13   9.603E-01   2.611E-01   9.997E-01   2.194E-03
      15     21.53   1.590E+00 lm   1.415E+00 lm   3.998E+13   3.983E+13   9.789E-01   2.517E-01   1.021E+00   2.125E-03
      16     23.12   1.558E+00 lm   1.385E+00 lm   3.943E+13   3.929E+13   9.957E-01   2.420E-01   1.044E+00   2.053E-03
      17     24.71   1.523E+00 lm   1.355E+00 th   3.879E+13   3.866E+13   1.011E+00   2.321E-01   1.068E+00   1.975E-03
      18     26.30   1.486E+00 lm   1.321E+00 th   3.807E+13   3.794E+13   1.026E+00   2.220E-01   1.093E+00   1.891E-03
      19     27.90   1.448E+00 th   1.288E+00 th   3.726E+13   3.713E+13   1.040E+00   2.124E-01   1.120E+00   1.803E-03
      20     29.49   1.401E+00 th   1.246E+00 th   3.626E+13   3.614E+13   1.041E+00   1.983E-01   1.148E+00   1.698E-03
      21     31.08   1.361E+00 th   1.209E+00 th   3.533E+13   3.522E+13   1.053E+00   1.882E-01   1.180E+00   1.607E-03
      22     32.67   1.317E+00 th   1.170E+00 th   3.431E+13   3.420E+13   1.070E+00   1.790E-01   1.214E+00   1.510E-03
      23     34.26   1.273E+00 th   1.130E+00 th   3.327E+13   3.317E+13   1.087E+00   1.697E-01   1.250E+00   1.414E-03
      24     35.85   1.229E+00 th   1.090E+00 th   3.223E+13   3.214E+13   1.104E+00   1.608E-01   1.287E+00   1.323E-03
      25     37.44   1.184E+00 th   1.051E+00 th   3.117E+13   3.108E+13   1.121E+00   1.521E-01   1.326E+00   1.232E-03
      26     39.02   1.139E+00 th   1.011E+00 th   3.009E+13   3.001E+13   1.137E+00   1.436E-01   1.367E+00   1.145E-03
      27     40.61   1.094E+00 th   9.719E-01 th   2.898E+13   2.891E+13   1.153E+00   1.352E-01   1.410E+00   1.060E-03
      28     42.19   1.050E+00 th   9.345E-01 th   2.785E+13   2.778E+13   1.167E+00   1.271E-01   1.456E+00   9.782E-04
      29     43.77   1.007E+00 th   8.991E-01 th   2.670E+13   2.663E+13   1.181E+00   1.193E-01   1.503E+00   9.006E-04
      30     45.36   9.644E-01 th   8.660E-01 th   2.553E+13   2.547E+13   1.193E+00   1.118E-01   1.553E+00   8.270E-04
      31     46.93   9.227E-01 th   8.351E-01 th   2.434E+13   2.428E+13   1.204E+00   1.045E-01   1.606E+00   7.572E-04
      32     48.51   8.810E-01 th   8.057E-01 th   2.313E+13   2.308E+13   1.214E+00   9.743E-02   1.661E+00   6.905E-04
      33     50.09   8.390E-01 th   7.770E-01 th   2.190E+13   2.186E+13   1.223E+00   9.056E-02   1.719E+00   6.265E-04
      34     51.66   7.961E-01 th   7.491E-01 th   2.065E+13   2.061E+13   1.230E+00   8.381E-02   1.780E+00   5.649E-04
      35     53.23   7.521E-01 th   7.220E-01 th   1.938E+13   1.934E+13   1.237E+00   7.714E-02   1.844E+00   5.057E-04
      36     54.80   7.062E-01 th   6.957E-01 th   1.807E+13   1.804E+13   1.243E+00   7.052E-02   1.912E+00   4.485E-04
      37     56.37   6.579E-01 th   6.697E-01 th   1.673E+13   1.670E+13   1.248E+00   6.394E-02   1.984E+00   3.932E-04
      38     57.93   6.066E-01 th   6.434E-01 th   1.535E+13   1.533E+13   1.252E+00   5.733E-02   2.060E+00   3.398E-04
      39     59.50   5.517E-01 th   6.155E-01 th   1.394E+13   1.392E+13   1.256E+00   5.068E-02   2.141E+00   2.881E-04
      40     61.05   4.926E-01 th   5.840E-01 th   1.250E+13   1.248E+13   1.260E+00   4.400E-02   2.226E+00   2.382E-04
      41     62.61   4.286E-01 th   5.464E-01 th   1.103E+13   1.101E+13   1.263E+00   3.725E-02   2.319E+00   1.903E-04
      42     64.16   3.583E-01 th   4.994E-01 th   9.543E+12   9.528E+12   1.265E+00   3.038E-02   2.417E+00   1.449E-04
      43     65.71   2.817E-01 th   4.397E-01 th   8.094E+12   8.082E+12   1.268E+00   2.350E-02   2.523E+00   1.034E-04
      44     67.26   1.941E-01 th   3.626E-01 th   6.700E+12   6.690E+12   1.271E+00   1.621E-02   2.638E+00   6.603E-05
      45     68.80   7.525E-02 th   2.475E-01 th   5.252E+12   5.247E+12   1.283E+00   6.297E-03   2.763E+00   3.001E-05
      46     70.34   7.156E-02 th   2.441E-01 th   3.719E+12   3.715E+12   1.288E+00   5.312E-03   2.901E+00   2.078E-05
      47     71.88   6.890E-02 th   2.425E-01 th   2.100E+12   2.098E+12   1.286E+00   4.511E-03   3.046E+00   1.158E-05
      48     73.41   5.120E-02 th   2.251E-01 th   1.362E+12   1.046E+12   5.515E-02   1.511E-04   3.195E+00   5.410E-06
      49     74.94   1.003E-03 th   1.326E-03 th   8.733E+11   8.770E+11   6.714E+00   2.590E-05   3.356E+00   3.613E-08
      50     76.47   1.002E-03 th   9.972E-04 th   7.345E+11   7.381E+11   5.200E+00   2.990E-05   3.523E+00   2.609E-08
      51     77.99   9.996E-04 th   9.928E-04 th   5.318E+11   5.354E+11   4.681E+00   4.520E-05   3.696E+00   1.884E-08
      52     79.51   1.000E-03 th   1.000E-03 th   3.170E+11   3.207E+11   4.681E+00   0.000E+00   3.875E+00   1.130E-08

TIME = 2.801818 s
    zone    radius      te    reg      ti    reg      ne          ni         vloop        jz          q      thermal beta
       2      0.80   1.689E+00 lm   1.423E+00 lm   4.327E+13   4.321E+13   8.281E-01   4.006E-01   7.483E-01   2.384E-03
       3      2.39   1.687E+00 lm   1.426E+00 nc   4.323E+13   4.317E+13   8.322E-01   3.901E-01   7.532E-01   2.383E-03
       4      3.99   1.685E+00 lm   1.431E+00 nc   4.291E+13   4.285E+13   8.412E-01   3.726E-01   7.680E-01   2.367E-03
       5      5.58   1.681E+00 lm   1.435E+00 nc   4.262E+13   4.256E+13   8.535E-01   3.558E-01   7.906E-01   2.352E-03
       6      7.18   1.677E+00 lm   1.439E+00 nc   4.238E+13   4.233E+13   8.678E-01   3.413E-01   8.148E-01   2.339E-03
       7      8.77   1.672E+00 lm   1.442E+00 lm   4.220E+13   4.214E+13   8.835E-01   3.291E-01   8.385E-01   2.327E-03
       8     10.37   1.665E+00 lm   1.443E+00 lm   4.206E+13   4.200E+13   8.999E-01   3.184E-01   8.612E-01   2.315E-03
       9     11.96   1.658E+00 lm   1.442E+00 lm   4.195E+13   4.189E+13   9.169E-01   3.089E-01   8.829E-01   2.303E-03
      10     13.55   1.648E+00 lm   1.438E+00 lm   4.185E+13   4.179E+13   9.342E-01   3.001E-01   9.037E-01   2.287E-03
      11     15.15   1.636E+00 lm   1.431E+00 lm   4.174E+13   4.168E+13   9.516E-01   2.918E-01   9.237E-01   2.267E-03
      12     16.74   1.621E+00 lm   1.420E+00 lm   4.159E+13   4.153E+13   9.691E-01   2.837E-01   9.434E-01   2.240E-03
      13     18.34   1.603E+00 lm   1.403E+00 lm   4.137E+13   4.132E+13   9.870E-01   2.757E-01   9.628E-01   2.202E-03
      14     19.93   1.581E+00 lm   1.379E+00 lm   4.110E+13   4.104E+13   1.005E+00   2.674E-01   9.825E-01   2.154E-03
      15     21.52   1.555E+00 lm   1.351E+00 lm   4.076E+13   4.071E+13   1.025E+00   2.588E-01   1.003E+00   2.097E-03
      16     23.12   1.526E+00 lm   1.323E+00 th   4.037E+13   4.032E+13   1.044E+00   2.497E-01   1.023E+00   2.037E-03
      17     24.71   1.494E+00 lm   1.294E+00 th   3.992E+13   3.987E+13   1.062E+00   2.402E-01   1.045E+00   1.971E-03
      18     26.30   1.458E+00 lm   1.264E+00 th   3.939E+13   3.934E+13   1.079E+00   2.301E-01   1.068E+00   1.899E-03
      19     27.90   1.417E+00 th   1.232E+00 th   3.878E+13   3.874E+13   1.095E+00   2.191E-01   1.093E+00   1.820E-03
      20     29.49   1.379E+00 th   1.204E+00 th   3.811E+13   3.806E+13   1.116E+00   2.108E-01   1.120E+00   1.743E-03
      21     31.08   1.331E+00 th   1.165E+00 th   3.721E+13   3.716E+13   1.101E+00   1.939E-01   1.148E+00   1.645E-03
      22     32.67   1.281E+00 th   1.124E+00 th   3.620E+13   3.616E+13   1.100E+00   1.790E-01   1.181E+00   1.542E-03
      23     34.26   1.242E+00 th   1.091E+00 th   3.527E+13   3.523E+13   1.110E+00   1.694E-01   1.217E+00   1.457E-03
      24     35.85   1.197E+00 th   1.055E+00 th   3.419E+13   3.416E+13   1.125E+00   1.601E-01   1.256E+00   1.363E-03
      25     37.44   1.152E+00 th   1.018E+00 th   3.309E+13   3.305E+13   1.139E+00   1.507E-01   1.296E+00   1.271E-03
      26     39.03   1.107E+00 th   9.828E-01 th   3.197E+13   3.194E+13   1.152E+00   1.416E-01   1.339E+00   1.183E-03
      27     40.61   1.062E+00 th   9.484E-01 th   3.082E+13   3.079E+13   1.165E+00   1.329E-01   1.383E+00   1.098E-03
      28     42.20   1.019E+00 th   9.151E-01 th   2.965E+13   2.962E+13   1.175E+00   1.244E-01   1.430E+00   1.015E-03
      29     43.78   9.754E-01 th   8.833E-01 th   2.845E+13   2.842E+13   1.185E+00   1.163E-01   1.479E+00   9.366E-04
      30     45.36   9.335E-01 th   8.540E-01 th   2.724E+13   2.721E+13   1.193E+00   1.085E-01   1.531E+00   8.622E-04
      31     46.94   8.922E-01 th   8.269E-01 th   2.600E+13   2.598E+13   1.201E+00   1.011E-01   1.585E+00   7.916E-04
      32     48.52   8.510E-01 th   8.020E-01 th   2.474E+13   2.471E+13   1.207E+00   9.402E-02   1.642E+00   7.242E-04
      33     50.09   8.097E-01 th   7.788E-01 th   2.344E+13   2.341E+13   1.212E+00   8.719E-02   1.702E+00   6.593E-04
      34     51.67   7.679E-01 th   7.566E-01 th   2.209E+13   2.207E+13   1.217E+00   8.055E-02   1.765E+00   5.965E-04
      35     53.24   7.253E-01 th   7.342E-01 th   2.070E+13   2.068E+13   1.220E+00   7.408E-02   1.832E+00   5.351E-04
      36     54.81   6.815E-01 th   7.106E-01 th   1.926E+13   1.924E+13   1.223E+00   6.771E-02   1.901E+00   4.748E-04
      37     56.37   6.358E-01 th   6.861E-01 th   1.777E+13   1.776E+13   1.225E+00   6.142E-02   1.975E+00   4.161E-04
      38     57.94   5.875E-01 th   6.605E-01 th   1.625E+13   1.624E+13   1.227E+00   5.515E-02   2.052E+00   3.592E-04
      39     59.50   5.358E-01 th   6.330E-01 th   1.470E+13   1.469E+13   1.228E+00   4.884E-02   2.135E+00   3.043E-04
      40     61.06   4.798E-01 th   6.021E-01 th   1.312E+13   1.311E+13   1.229E+00   4.249E-02   2.222E+00   2.515E-04
      41     62.61   4.185E-01 th   5.656E-01 th   1.154E+13   1.153E+13   1.230E+00   3.608E-02   2.316E+00   2.011E-04
      42     64.17   3.508E-01 th   5.198E-01 th   9.954E+12   9.946E+12   1.231E+00   2.953E-02   2.416E+00   1.535E-04
      43     65.72   2.767E-01 th   4.611E-01 th   8.412E+12   8.406E+12   1.233E+00   2.293E-02   2.523E+00   1.099E-04
      44     67.26   1.914E-01 th   3.844E-01 th   6.933E+12   6.928E+12   1.234E+00   1.589E-02   2.639E+00   7.070E-05
      45     68.81   7.565E-02 th   2.683E-01 th   5.410E+12   5.407E+12   1.243E+00   6.275E-03   2.764E+00   3.296E-05
      46     70.35   7.198E-02 th   2.653E-01 th   3.810E+12   3.808E+12   1.247E+00   5.304E-03   2.903E+00   2.276E-05
      47     71.88   6.922E-02 th   2.637E-01 th   2.113E+12   2.112E+12   1.249E+00   4.489E-03   3.049E+00   1.246E-05
      48     73.42   5.128E-02 th   2.427E-01 th   1.355E+12   1.039E+12   4.720E-02   2.016E-04   3.200E+00   5.699E-06
      49     74.94   9.991E-04 th   3.885E-03 th   8.274E+11   8.311E+11   5.585E+00   3.696E-05   3.361E+00   7.185E-08
      50     76.47   9.954E-04 th   9.904E-04 th   7.201E+11   7.237E+11   4.391E+00   3.109E-05   3.530E+00   2.540E-08
      51     77.99   9.919E-04 th   9.855E-04 th   5.576E+11   5.612E+11   3.967E+00   4.500E-05   3.704E+00   1.960E-08
      52     79.51   1.000E-03 th   1.000E-03 th   3.563E+11   3.599E+11   3.967E+00   0.000E+00   3.884E+00   1.269E-08

TIME = 3.007258 s
    zone    radius      te    reg      ti    reg      ne          ni         vloop        jz          q      thermal beta
       2      0.80   1.656E+00 lm   1.420E+00 lm   4.241E+13   4.237E+13   8.698E-01   4.032E-01   7.425E-01   2.310E-03
       3      2.39   1.655E+00 lm   1.421E+00 nc   4.237E+13   4.234E+13   8.740E-01   3.930E-01   7.473E-01   2.308E-03
       4      3.99   1.653E+00 lm   1.422E+00 nc   4.207E+13   4.204E+13   8.831E-01   3.757E-01   7.617E-01   2.292E-03
       5      5.58   1.651E+00 lm   1.423E+00 nc   4.179E+13   4.175E+13   8.955E-01   3.591E-01   7.836E-01   2.275E-03
       6      7.18   1.648E+00 lm   1.423E+00 lm   4.156E+13   4.153E+13   9.100E-01   3.449E-01   8.070E-01   2.261E-03
       7      8.77   1.645E+00 lm   1.422E+00 lm   4.138E+13   4.135E+13   9.256E-01   3.328E-01   8.299E-01   2.248E-03
       8     10.36   1.641E+00 lm   1.419E+00 lm   4.124E+13   4.121E+13   9.418E-01   3.224E-01   8.518E-01   2.235E-03
       9     11.96   1.636E+00 lm   1.415E+00 lm   4.112E+13   4.109E+13   9.583E-01   3.131E-01   8.727E-01   2.222E-03
      10     13.55   1.630E+00 lm   1.410E+00 lm   4.103E+13   4.100E+13   9.746E-01   3.045E-01   8.926E-01   2.209E-03
      11     15.15   1.622E+00 lm   1.404E+00 lm   4.095E+13   4.092E+13   9.902E-01   2.964E-01   9.118E-01   2.195E-03
      12     16.74   1.614E+00 lm   1.398E+00 lm   4.088E+13   4.085E+13   1.005E+00   2.884E-01   9.305E-01   2.181E-03
      13     18.34   1.603E+00 lm   1.392E+00 lm   4.080E+13   4.077E+13   1.018E+00   2.804E-01   9.491E-01   2.164E-03
      14     19.93   1.589E+00 lm   1.385E+00 lm   4.072E+13   4.069E+13   1.030E+00   2.721E-01   9.679E-01   2.145E-03
      15     21.52   1.573E+00 lm   1.376E+00 lm   4.061E+13   4.057E+13   1.039E+00   2.635E-01   9.871E-01   2.121E-03
      16     23.12   1.553E+00 lm   1.364E+00 lm   4.045E+13   4.042E+13   1.048E+00   2.545E-01   1.007E+00   2.090E-03
      17     24.71   1.527E+00 lm   1.349E+00 lm   4.024E+13   4.021E+13   1.056E+00   2.451E-01   1.028E+00   2.050E-03
      18     26.30   1.495E+00 lm   1.327E+00 lm   3.995E+13   3.992E+13   1.063E+00   2.352E-01   1.050E+00   1.997E-03
      19     27.90   1.456E+00 lm   1.300E+00 lm   3.956E+13   3.954E+13   1.071E+00   2.247E-01   1.074E+00   1.931E-03
      20     29.49   1.411E+00 lm   1.266E+00 th   3.907E+13   3.905E+13   1.082E+00   2.132E-01   1.100E+00   1.853E-03
      21     31.08   1.368E+00 th   1.236E+00 th   3.851E+13   3.848E+13   1.095E+00   2.033E-01   1.127E+00   1.776E-03
      22     32.67   1.330E+00 th   1.206E+00 th   3.782E+13   3.779E+13   1.059E+00   1.886E-01   1.157E+00   1.698E-03
      23     34.26   1.231E+00 th   1.128E+00 th   3.628E+13   3.626E+13   1.086E+00   1.680E-01   1.190E+00   1.516E-03
      24     35.85   1.197E+00 th   1.095E+00 th   3.546E+13   3.544E+13   1.098E+00   1.572E-01   1.230E+00   1.440E-03
      25     37.44   1.153E+00 th   1.054E+00 th   3.440E+13   3.438E+13   1.111E+00   1.489E-01   1.272E+00   1.345E-03
      26     39.03   1.104E+00 th   1.011E+00 th   3.322E+13   3.320E+13   1.126E+00   1.398E-01   1.316E+00   1.245E-03
      27     40.61   1.057E+00 th   9.698E-01 th   3.203E+13   3.202E+13   1.138E+00   1.308E-01   1.361E+00   1.150E-03
      28     42.20   1.009E+00 th   9.305E-01 th   3.082E+13   3.081E+13   1.150E+00   1.220E-01   1.409E+00   1.059E-03
      29     43.78   9.630E-01 th   8.939E-01 th   2.959E+13   2.957E+13   1.160E+00   1.138E-01   1.460E+00   9.733E-04
      30     45.36   9.179E-01 th   8.602E-01 th   2.835E+13   2.833E+13   1.170E+00   1.060E-01   1.513E+00   8.928E-04
      31     46.94   8.735E-01 th   8.285E-01 th   2.709E+13   2.707E+13   1.180E+00   9.861E-02   1.569E+00   8.167E-04
      32     48.52   8.297E-01 th   7.982E-01 th   2.581E+13   2.579E+13   1.188E+00   9.154E-02   1.627E+00   7.442E-04
      33     50.10   7.861E-01 th   7.687E-01 th   2.450E+13   2.448E+13   1.195E+00   8.475E-02   1.689E+00   6.747E-04
      34     51.67   7.425E-01 th   7.400E-01 th   2.315E+13   2.314E+13   1.202E+00   7.822E-02   1.753E+00   6.080E-04
      35     53.24   6.987E-01 th   7.116E-01 th   2.176E+13   2.175E+13   1.207E+00   7.187E-02   1.821E+00   5.436E-04
      36     54.81   6.540E-01 th   6.833E-01 th   2.032E+13   2.031E+13   1.212E+00   6.566E-02   1.892E+00   4.813E-04
      37     56.38   6.077E-01 th   6.550E-01 th   1.883E+13   1.882E+13   1.216E+00   5.956E-02   1.966E+00   4.212E-04
      38     57.94   5.591E-01 th   6.262E-01 th   1.730E+13   1.729E+13   1.220E+00   5.348E-02   2.045E+00   3.633E-04
      39     59.51   5.075E-01 th   5.960E-01 th   1.573E+13   1.573E+13   1.222E+00   4.738E-02   2.129E+00   3.076E-04
      40     61.06   4.522E-01 th   5.628E-01 th   1.412E+13   1.412E+13   1.224E+00   4.123E-02   2.217E+00   2.539E-04
      41     62.62   3.924E-01 th   5.245E-01 th   1.248E+13   1.248E+13   1.225E+00   3.503E-02   2.312E+00   2.028E-04
      42     64.17   3.272E-01 th   4.782E-01 th   1.081E+13   1.081E+13   1.226E+00   2.868E-02   2.413E+00   1.542E-04
      43     65.72   2.566E-01 th   4.209E-01 th   9.163E+12   9.158E+12   1.227E+00   2.226E-02   2.521E+00   1.100E-04
      44     67.27   1.768E-01 th   3.483E-01 th   7.569E+12   7.565E+12   1.229E+00   1.540E-02   2.638E+00   7.039E-05
      45     68.81   7.204E-02 th   2.434E-01 th   5.932E+12   5.930E+12   1.236E+00   6.060E-03   2.765E+00   3.314E-05
      46     70.35   6.824E-02 th   2.383E-01 th   4.207E+12   4.205E+12   1.236E+00   5.124E-03   2.905E+00   2.284E-05
      47     71.89   6.492E-02 th   2.330E-01 th   2.380E+12   2.379E+12   1.239E+00   4.354E-03   3.052E+00   1.256E-05
      48     73.42   4.896E-02 th   2.122E-01 th   1.507E+12   1.195E+12   4.660E-02   2.141E-04   3.204E+00   5.803E-06
      49     74.95   1.034E-03 th   4.947E-03 th   9.619E+11   9.656E+11   4.126E+00   5.229E-05   3.367E+00   1.023E-07
      50     76.47   9.964E-04 th   1.189E-03 th   8.357E+11   8.394E+11   4.090E+00   3.936E-05   3.537E+00   3.244E-08
      51     77.99   9.956E-04 th   1.129E-03 th   6.424E+11   6.460E+11   3.808E+00   5.237E-05   3.712E+00   2.426E-08
      52     79.51   1.000E-03 th   1.000E-03 th   3.971E+11   4.007E+11   3.808E+00   0.000E+00   3.894E+00   1.414E-08

TIME = 3.206016 s
    zone    radius      te    reg      ti    reg      ne          ni         vloop        jz          q      thermal beta
       2      0.80   1.571E+00 lm   1.401E+00 lm   4.336E+13   4.281E+13   9.906E-01   4.031E-01   7.433E-01   2.270E-03
       3      2.39   1.570E+00 lm   1.402E+00 nc   4.335E+13   4.280E+13   9.951E-01   3.936E-01   7.477E-01   2.269E-03
       4      3.99   1.569E+00 lm   1.403E+00 nc   4.329E+13   4.274E+13   1.003E+00   3.773E-01   7.609E-01   2.266E-03
       5      5.58   1.568E+00 lm   1.405E+00 nc   4.325E+13   4.270E+13   1.012E+00   3.611E-01   7.815E-01   2.264E-03
       6      7.17   1.566E+00 lm   1.406E+00 nc   4.324E+13   4.269E+13   1.023E+00   3.470E-01   8.039E-01   2.263E-03
       7      8.77   1.564E+00 lm   1.408E+00 lm   4.326E+13   4.271E+13   1.036E+00   3.349E-01   8.261E-01   2.264E-03
       8     10.36   1.562E+00 lm   1.409E+00 lm   4.330E+13   4.276E+13   1.050E+00   3.245E-01   8.475E-01   2.266E-03
       9     11.96   1.560E+00 lm   1.411E+00 lm   4.336E+13   4.282E+13   1.065E+00   3.153E-01   8.679E-01   2.269E-03
      10     13.55   1.558E+00 lm   1.413E+00 lm   4.341E+13   4.287E+13   1.079E+00   3.071E-01   8.873E-01   2.272E-03
      11     15.14   1.557E+00 lm   1.415E+00 lm   4.343E+13   4.289E+13   1.093E+00   2.993E-01   9.059E-01   2.273E-03
      12     16.74   1.555E+00 lm   1.417E+00 lm   4.342E+13   4.288E+13   1.104E+00   2.916E-01   9.240E-01   2.273E-03
      13     18.33   1.553E+00 lm   1.416E+00 lm   4.338E+13   4.285E+13   1.112E+00   2.839E-01   9.418E-01   2.269E-03
      14     19.93   1.550E+00 lm   1.413E+00 lm   4.332E+13   4.278E+13   1.116E+00   2.758E-01   9.597E-01   2.261E-03
      15     21.52   1.547E+00 lm   1.408E+00 lm   4.321E+13   4.267E+13   1.117E+00   2.673E-01   9.781E-01   2.249E-03
      16     23.11   1.544E+00 lm   1.400E+00 lm   4.305E+13   4.251E+13   1.113E+00   2.585E-01   9.972E-01   2.232E-03
      17     24.71   1.540E+00 lm   1.391E+00 lm   4.283E+13   4.229E+13   1.106E+00   2.493E-01   1.017E+00   2.211E-03
      18     26.30   1.535E+00 lm   1.384E+00 lm   4.253E+13   4.200E+13   1.093E+00   2.395E-01   1.038E+00   2.187E-03
      19     27.89   1.528E+00 lm   1.379E+00 lm   4.215E+13   4.162E+13   1.074E+00   2.290E-01   1.061E+00   2.158E-03
      20     29.49   1.517E+00 lm   1.371E+00 lm   4.164E+13   4.111E+13   1.048E+00   2.176E-01   1.086E+00   2.118E-03
      21     31.08   1.499E+00 lm   1.357E+00 lm   4.103E+13   4.051E+13   1.014E+00   2.054E-01   1.112E+00   2.064E-03
      22     32.67   1.479E+00 lm   1.342E+00 lm   4.056E+13   4.003E+13   9.519E-01   1.961E-01   1.141E+00   2.015E-03
      23     34.26   1.413E+00 th   1.281E+00 th   3.843E+13   3.792E+13   8.425E-01   1.705E-01   1.172E+00   1.823E-03
      24     35.85   1.241E+00 th   1.128E+00 th   3.370E+13   3.322E+13   1.010E+00   1.593E-01   1.211E+00   1.405E-03
      25     37.44   1.203E+00 th   1.100E+00 th   3.265E+13   3.217E+13   1.103E+00   1.483E-01   1.253E+00   1.323E-03
      26     39.03   1.158E+00 th   1.065E+00 th   3.146E+13   3.098E+13   1.116E+00   1.392E-01   1.297E+00   1.230E-03
      27     40.62   1.109E+00 th   1.029E+00 th   3.018E+13   2.971E+13   1.124E+00   1.300E-01   1.343E+00   1.135E-03
      28     42.20   1.062E+00 th   9.960E-01 th   2.892E+13   2.845E+13   1.132E+00   1.213E-01   1.392E+00   1.046E-03
      29     43.78   1.015E+00 th   9.645E-01 th   2.765E+13   2.718E+13   1.139E+00   1.130E-01   1.443E+00   9.617E-04
      30     45.37   9.690E-01 th   9.331E-01 th   2.636E+13   2.590E+13   1.145E+00   1.051E-01   1.496E+00   8.809E-04
      31     46.95   9.237E-01 th   9.003E-01 th   2.506E+13   2.460E+13   1.152E+00   9.757E-02   1.553E+00   8.027E-04
      32     48.53   8.787E-01 th   8.665E-01 th   2.374E+13   2.329E+13   1.158E+00   9.037E-02   1.612E+00   7.272E-04
      33     50.10   8.337E-01 th   8.321E-01 th   2.241E+13   2.196E+13   1.164E+00   8.346E-02   1.673E+00   6.550E-04
      34     51.68   7.884E-01 th   7.977E-01 th   2.107E+13   2.063E+13   1.171E+00   7.682E-02   1.739E+00   5.860E-04
      35     53.25   7.423E-01 th   7.643E-01 th   1.971E+13   1.927E+13   1.177E+00   7.034E-02   1.807E+00   5.202E-04
      36     54.82   6.946E-01 th   7.321E-01 th   1.832E+13   1.789E+13   1.183E+00   6.400E-02   1.879E+00   4.576E-04
      37     56.38   6.449E-01 th   7.004E-01 th   1.691E+13   1.649E+13   1.188E+00   5.776E-02   1.954E+00   3.978E-04
      38     57.95   5.925E-01 th   6.679E-01 th   1.548E+13   1.507E+13   1.194E+00   5.156E-02   2.035E+00   3.408E-04
      39     59.51   5.370E-01 th   6.335E-01 th   1.402E+13   1.363E+13   1.199E+00   4.538E-02   2.119E+00   2.865E-04
      40     61.07   4.776E-01 th   5.954E-01 th   1.255E+13   1.218E+13   1.204E+00   3.922E-02   2.210E+00   2.348E-04
      41     62.62   4.136E-01 th   5.518E-01 th   1.107E+13   1.073E+13   1.208E+00   3.306E-02   2.306E+00   1.861E-04
      42     64.18   3.439E-01 th   4.993E-01 th   9.587E+12   9.279E+12   1.212E+00   2.683E-02   2.408E+00   1.405E-04
      43     65.72   2.688E-01 th   4.351E-01 th   8.148E+12   7.876E+12   1.214E+00   2.061E-02   2.518E+00   9.952E-05
      44     67.27   1.852E-01 th   3.558E-01 th   6.780E+12   6.550E+12   1.214E+00   1.414E-02   2.637E+00   6.354E-05
      45     68.81   7.442E-02 th   2.429E-01 th   5.329E+12   5.193E+12   1.206E+00   5.678E-03   2.765E+00   2.938E-05
      46     70.35   7.082E-02 th   2.390E-01 th   3.810E+12   3.720E+12   1.207E+00   4.797E-03   2.906E+00   2.053E-05
      47     71.89   6.811E-02 th   2.357E-01 th   2.189E+12   2.150E+12   1.209E+00   4.196E-03   3.053E+00   1.162E-05
      48     73.42   5.072E-02 th   2.148E-01 th   1.407E+12   1.092E+12   2.082E-02   1.796E-04   3.206E+00   5.422E-06
      49     74.95   9.777E-04 th   1.071E-03 th   9.371E+11   9.407E+11   2.159E+00   2.223E-05   3.369E+00   3.408E-08
      50     76.47   9.793E-04 th   9.750E-04 th   8.139E+11   8.175E+11   2.461E+00   2.107E-05   3.540E+00   2.825E-08
      51     77.99   9.845E-04 th   9.788E-04 th   6.283E+11   6.318E+11   2.287E+00   3.504E-05   3.716E+00   2.192E-08
      52     79.51   1.000E-03 th   1.000E-03 th   4.368E+11   4.405E+11   2.287E+00   0.000E+00   3.897E+00   1.554E-08

TIME = 3.404064 s
    zone    radius      te    reg      ti    reg      ne          ni         vloop        jz          q      thermal beta
       2      0.80   2.912E+00 lm   3.220E+00 lm   4.918E+13   4.487E+13   4.452E-01   4.189E-01   7.125E-01   5.097E-03
       3      2.39   2.907E+00 lm   3.220E+00 nc   4.913E+13   4.487E+13   4.516E-01   4.027E-01   7.196E-01   5.090E-03
       4      3.98   2.899E+00 lm   3.225E+00 nc   4.887E+13   4.472E+13   4.606E-01   3.818E-01   7.409E-01   5.065E-03
       5      5.58   2.885E+00 lm   3.221E+00 nc   4.853E+13   4.450E+13   4.707E-01   3.650E-01   7.670E-01   5.021E-03
       6      7.17   2.860E+00 lm   3.198E+00 nc   4.822E+13   4.419E+13   4.820E-01   3.509E-01   7.917E-01   4.948E-03
       7      8.76   2.828E+00 lm   3.155E+00 lm   4.788E+13   4.384E+13   4.942E-01   3.388E-01   8.147E-01   4.850E-03
       8     10.36   2.790E+00 lm   3.090E+00 lm   4.750E+13   4.348E+13   5.073E-01   3.282E-01   8.364E-01   4.729E-03
       9     11.95   2.745E+00 lm   3.003E+00 lm   4.707E+13   4.312E+13   5.219E-01   3.190E-01   8.569E-01   4.584E-03
      10     13.55   2.701E+00 th   2.919E+00 th   4.663E+13   4.275E+13   5.394E-01   3.107E-01   8.763E-01   4.443E-03
      11     15.14   2.659E+00 th   2.841E+00 th   4.620E+13   4.236E+13   5.568E-01   3.029E-01   8.948E-01   4.309E-03
      12     16.73   2.613E+00 th   2.760E+00 th   4.571E+13   4.190E+13   5.746E-01   2.951E-01   9.126E-01   4.166E-03
      13     18.33   2.563E+00 th   2.681E+00 th   4.517E+13   4.138E+13   5.931E-01   2.873E-01   9.303E-01   4.017E-03
      14     19.92   2.506E+00 th   2.602E+00 th   4.460E+13   4.080E+13   6.126E-01   2.792E-01   9.479E-01   3.861E-03
      15     21.52   2.444E+00 th   2.518E+00 th   4.401E+13   4.020E+13   6.326E-01   2.702E-01   9.660E-01   3.700E-03
      16     23.11   2.388E+00 th   2.439E+00 th   4.337E+13   3.962E+13   6.506E-01   2.612E-01   9.850E-01   3.547E-03
      17     24.70   2.326E+00 th   2.354E+00 th   4.272E+13   3.902E+13   6.672E-01   2.513E-01   1.005E+00   3.388E-03
      18     26.30   2.264E+00 th   2.273E+00 th   4.201E+13   3.839E+13   6.824E-01   2.411E-01   1.026E+00   3.231E-03
      19     27.89   2.200E+00 th   2.190E+00 th   4.124E+13   3.771E+13   6.958E-01   2.303E-01   1.049E+00   3.071E-03
      20     29.48   2.130E+00 th   2.104E+00 th   4.042E+13   3.699E+13   7.065E-01   2.184E-01   1.073E+00   2.905E-03
      21     31.08   2.056E+00 th   2.017E+00 th   3.950E+13   3.617E+13   7.144E-01   2.054E-01   1.100E+00   2.732E-03
      22     32.67   1.980E+00 th   1.928E+00 th   3.854E+13   3.532E+13   7.212E-01   1.911E-01   1.130E+00   2.559E-03
      23     34.26   1.934E+00 th   1.870E+00 th   3.787E+13   3.475E+13   7.455E-01   1.900E-01   1.163E+00   2.449E-03
      24     35.85   1.848E+00 th   1.747E+00 th   3.622E+13   3.349E+13   7.051E-01   1.642E-01   1.194E+00   2.223E-03
      25     37.44   1.793E+00 th   1.675E+00 th   3.523E+13   3.271E+13   6.906E-01   1.484E-01   1.234E+00   2.090E-03
      26     39.03   1.730E+00 th   1.602E+00 th   3.416E+13   3.181E+13   6.991E-01   1.410E-01   1.279E+00   1.950E-03
      27     40.62   1.654E+00 th   1.521E+00 th   3.296E+13   3.076E+13   7.094E-01   1.324E-01   1.324E+00   1.795E-03
      28     42.20   1.578E+00 th   1.442E+00 th   3.176E+13   2.972E+13   7.178E-01   1.231E-01   1.372E+00   1.648E-03
      29     43.79   1.502E+00 th   1.366E+00 th   3.055E+13   2.863E+13   7.255E-01   1.141E-01   1.422E+00   1.506E-03
      30     45.37   1.424E+00 th   1.290E+00 th   2.929E+13   2.750E+13   7.344E-01   1.055E-01   1.475E+00   1.368E-03
      31     46.95   1.345E+00 th   1.216E+00 th   2.802E+13   2.634E+13   7.449E-01   9.731E-02   1.531E+00   1.235E-03
      32     48.53   1.267E+00 th   1.147E+00 th   2.675E+13   2.516E+13   7.553E-01   8.946E-02   1.590E+00   1.112E-03
      33     50.10   1.190E+00 th   1.082E+00 th   2.547E+13   2.397E+13   7.649E-01   8.198E-02   1.652E+00   9.966E-04
      34     51.68   1.114E+00 th   1.020E+00 th   2.416E+13   2.275E+13   7.737E-01   7.480E-02   1.718E+00   8.882E-04
      35     53.25   1.038E+00 th   9.625E-01 th   2.283E+13   2.150E+13   7.813E-01   6.783E-02   1.788E+00   7.866E-04
      36     54.82   9.613E-01 th   9.099E-01 th   2.146E+13   2.021E+13   7.878E-01   6.109E-02   1.861E+00   6.913E-04
      37     56.39   8.834E-01 th   8.604E-01 th   2.005E+13   1.887E+13   7.929E-01   5.457E-02   1.938E+00   6.015E-04
      38     57.95   8.042E-01 th   8.122E-01 th   1.858E+13   1.749E+13   7.964E-01   4.825E-02   2.020E+00   5.165E-04
      39     59.51   7.227E-01 th   7.637E-01 th   1.706E+13   1.605E+13   7.986E-01   4.211E-02   2.107E+00   4.356E-04
      40     61.07   6.379E-01 th   7.132E-01 th   1.547E+13   1.456E+13   7.995E-01   3.612E-02   2.200E+00   3.589E-04
      41     62.63   5.486E-01 th   6.585E-01 th   1.384E+13   1.301E+13   7.993E-01   3.029E-02   2.298E+00   2.863E-04
      42     64.18   4.532E-01 th   5.958E-01 th   1.214E+13   1.141E+13   7.983E-01   2.449E-02   2.403E+00   2.179E-04
      43     65.73   3.521E-01 th   5.219E-01 th   1.045E+13   9.812E+12   7.973E-01   1.878E-02   2.515E+00   1.559E-04
      44     67.27   2.418E-01 th   4.315E-01 th   8.803E+12   8.268E+12   7.972E-01   1.294E-02   2.636E+00   1.009E-04
      45     68.82   9.637E-02 th   2.999E-01 th   6.979E+12   6.629E+12   7.916E-01   5.417E-03   2.765E+00   4.714E-05
      46     70.35   9.131E-02 th   2.978E-01 th   5.039E+12   4.804E+12   7.986E-01   4.341E-03   2.906E+00   3.350E-05
      47     71.89   8.814E-02 th   2.996E-01 th   2.973E+12   2.858E+12   8.025E-01   3.871E-03   3.055E+00   1.982E-05
      48     73.42   7.015E-02 th   2.913E-01 th   1.782E+12   1.409E+12   7.623E-03   2.985E-04   3.208E+00   9.488E-06
      49     74.95   1.019E-03 th   1.016E-03 th   1.154E+12   1.158E+12   2.012E+00   2.484E-05   3.371E+00   4.168E-08
      50     76.47   1.018E-03 th   1.014E-03 th   9.949E+11   9.984E+11   2.347E+00   2.312E-05   3.543E+00   3.589E-08
      51     77.99   1.014E-03 th   1.009E-03 th   7.459E+11   7.494E+11   2.303E+00   3.830E-05   3.719E+00   2.680E-08
      52     79.51   9.995E-04 th   1.000E-03 th   4.767E+11   4.801E+11   2.303E+00   0.000E+00   3.901E+00   1.695E-08

TIME = 3.501564 s
    zone    radius      te    reg      ti    reg      ne          ni         vloop        jz          q      thermal beta
       2      0.80   3.246E+00 lm   3.788E+00 lm   4.970E+13   4.487E+13   3.900E-01   4.244E-01   7.019E-01   5.871E-03
       3      2.39   3.238E+00 lm   3.784E+00 nc   4.966E+13   4.486E+13   3.947E-01   4.054E-01   7.101E-01   5.857E-03
       4      3.98   3.224E+00 lm   3.778E+00 nc   4.936E+13   4.468E+13   4.021E-01   3.829E-01   7.345E-01   5.811E-03
       5      5.58   3.202E+00 lm   3.760E+00 nc   4.899E+13   4.440E+13   4.115E-01   3.657E-01   7.627E-01   5.738E-03
       6      7.17   3.166E+00 lm   3.723E+00 lm   4.864E+13   4.406E+13   4.226E-01   3.516E-01   7.884E-01   5.636E-03
       7      8.76   3.123E+00 lm   3.664E+00 lm   4.825E+13   4.369E+13   4.354E-01   3.398E-01   8.119E-01   5.506E-03
       8     10.36   3.071E+00 lm   3.578E+00 lm   4.782E+13   4.329E+13   4.500E-01   3.298E-01   8.335E-01   5.346E-03
       9     11.95   3.016E+00 lm   3.476E+00 th   4.733E+13   4.288E+13   4.667E-01   3.207E-01   8.536E-01   5.170E-03
      10     13.54   2.966E+00 th   3.387E+00 th   4.685E+13   4.247E+13   4.836E-01   3.125E-01   8.726E-01   5.011E-03
      11     15.14   2.913E+00 th   3.300E+00 th   4.636E+13   4.202E+13   5.002E-01   3.047E-01   8.907E-01   4.850E-03
      12     16.73   2.856E+00 th   3.210E+00 th   4.581E+13   4.152E+13   5.175E-01   2.974E-01   9.082E-01   4.680E-03
      13     18.33   2.795E+00 th   3.118E+00 th   4.522E+13   4.095E+13   5.354E-01   2.895E-01   9.253E-01   4.502E-03
      14     19.92   2.730E+00 th   3.024E+00 th   4.458E+13   4.034E+13   5.534E-01   2.809E-01   9.425E-01   4.318E-03
      15     21.51   2.662E+00 th   2.930E+00 th   4.390E+13   3.969E+13   5.709E-01   2.716E-01   9.603E-01   4.132E-03
      16     23.11   2.596E+00 th   2.837E+00 th   4.317E+13   3.902E+13   5.875E-01   2.622E-01   9.792E-01   3.947E-03
      17     24.70   2.529E+00 th   2.743E+00 th   4.240E+13   3.832E+13   6.027E-01   2.523E-01   9.992E-01   3.763E-03
      18     26.30   2.459E+00 th   2.650E+00 th   4.158E+13   3.758E+13   6.164E-01   2.417E-01   1.020E+00   3.576E-03
      19     27.89   2.388E+00 th   2.556E+00 th   4.069E+13   3.680E+13   6.285E-01   2.307E-01   1.043E+00   3.388E-03
      20     29.48   2.314E+00 th   2.461E+00 th   3.977E+13   3.598E+13   6.379E-01   2.189E-01   1.068E+00   3.200E-03
      21     31.08   2.238E+00 th   2.365E+00 th   3.878E+13   3.510E+13   6.442E-01   2.062E-01   1.095E+00   3.008E-03
      22     32.67   2.156E+00 th   2.265E+00 th   3.772E+13   3.416E+13   6.473E-01   1.917E-01   1.125E+00   2.812E-03
      23     34.26   2.091E+00 th   2.183E+00 th   3.676E+13   3.333E+13   6.637E-01   1.845E-01   1.158E+00   2.651E-03
      24     35.85   2.024E+00 th   2.084E+00 th   3.549E+13   3.241E+13   6.420E-01   1.671E-01   1.191E+00   2.470E-03
      25     37.44   1.961E+00 th   1.996E+00 th   3.432E+13   3.153E+13   6.270E-01   1.527E-01   1.230E+00   2.308E-03
      26     39.03   1.887E+00 th   1.911E+00 th   3.318E+13   3.054E+13   6.283E-01   1.430E-01   1.273E+00   2.143E-03
      27     40.62   1.803E+00 th   1.820E+00 th   3.195E+13   2.948E+13   6.344E-01   1.333E-01   1.317E+00   1.971E-03
      28     42.21   1.720E+00 th   1.730E+00 th   3.074E+13   2.842E+13   6.400E-01   1.236E-01   1.365E+00   1.808E-03
      29     43.79   1.636E+00 th   1.642E+00 th   2.953E+13   2.735E+13   6.459E-01   1.145E-01   1.415E+00   1.652E-03
      30     45.37   1.551E+00 th   1.555E+00 th   2.829E+13   2.624E+13   6.521E-01   1.057E-01   1.468E+00   1.500E-03
      31     46.95   1.464E+00 th   1.469E+00 th   2.704E+13   2.512E+13   6.581E-01   9.697E-02   1.524E+00   1.356E-03
      32     48.53   1.380E+00 th   1.386E+00 th   2.580E+13   2.400E+13   6.641E-01   8.873E-02   1.583E+00   1.220E-03
      33     50.11   1.297E+00 th   1.305E+00 th   2.456E+13   2.287E+13   6.693E-01   8.099E-02   1.645E+00   1.093E-03
      34     51.68   1.215E+00 th   1.228E+00 th   2.331E+13   2.172E+13   6.738E-01   7.364E-02   1.712E+00   9.744E-04
      35     53.25   1.134E+00 th   1.153E+00 th   2.203E+13   2.055E+13   6.776E-01   6.659E-02   1.782E+00   8.627E-04
      36     54.82   1.051E+00 th   1.083E+00 th   2.074E+13   1.934E+13   6.808E-01   5.981E-02   1.855E+00   7.577E-04
      37     56.39   9.675E-01 th   1.017E+00 th   1.942E+13   1.810E+13   6.833E-01   5.333E-02   1.934E+00   6.592E-04
      38     57.95   8.821E-01 th   9.537E-01 th   1.804E+13   1.682E+13   6.852E-01   4.710E-02   2.017E+00   5.662E-04
      39     59.51   7.940E-01 th   8.914E-01 th   1.661E+13   1.548E+13   6.866E-01   4.109E-02   2.104E+00   4.783E-04
      40     61.07   7.021E-01 th   8.284E-01 th   1.512E+13   1.409E+13   6.876E-01   3.527E-02   2.198E+00   3.949E-04
      41     62.63   6.049E-01 th   7.619E-01 th   1.357E+13   1.263E+13   6.883E-01   2.960E-02   2.297E+00   3.159E-04
      42     64.18   5.009E-01 th   6.870E-01 th   1.195E+13   1.111E+13   6.889E-01   2.398E-02   2.402E+00   2.413E-04
      43     65.73   3.905E-01 th   5.997E-01 th   1.033E+13   9.582E+12   6.896E-01   1.843E-02   2.515E+00   1.733E-04
      44     67.27   2.691E-01 th   4.935E-01 th   8.725E+12   8.092E+12   6.907E-01   1.273E-02   2.636E+00   1.123E-04
      45     68.82   1.061E-01 th   3.374E-01 th   6.929E+12   6.496E+12   6.930E-01   5.447E-03   2.766E+00   5.185E-05
      46     70.36   1.003E-01 th   3.341E-01 th   5.004E+12   4.712E+12   7.015E-01   4.195E-03   2.907E+00   3.679E-05
      47     71.89   9.720E-02 th   3.366E-01 th   2.957E+12   2.814E+12   6.983E-01   3.748E-03   3.056E+00   2.188E-05
      48     73.42   7.689E-02 th   3.290E-01 th   1.794E+12   1.400E+12   1.345E-02   3.726E-04   3.209E+00   1.061E-05
      49     74.95   1.002E-03 th   9.990E-04 th   1.105E+12   1.108E+12   3.206E+00   4.390E-05   3.373E+00   3.922E-08
      50     76.47   1.002E-03 th   9.983E-04 th   9.590E+11   9.624E+11   3.298E+00   3.805E-05   3.544E+00   3.405E-08
      51     77.99   1.001E-03 th   9.962E-04 th   7.331E+11   7.364E+11   3.091E+00   5.053E-05   3.721E+00   2.600E-08
      52     79.51   9.994E-04 th   1.000E-03 th   4.962E+11   4.996E+11   3.091E+00   0.000E+00   3.904E+00   1.764E-08

TIME = 3.527383 s
    zone    radius      te    reg      ti    reg      ne          ni         vloop        jz          q      thermal beta
       2      0.80   3.400E+00 lm   4.078E+00 lm   4.981E+13   4.475E+13   3.619E-01   4.285E-01   6.942E-01   6.234E-03
       3      2.39   3.388E+00 lm   4.070E+00 nc   4.977E+13   4.474E+13   3.668E-01   4.086E-01   7.027E-01   6.214E-03
       4      3.98   3.367E+00 lm   4.054E+00 nc   4.945E+13   4.453E+13   3.744E-01   3.855E-01   7.280E-01   6.149E-03
       5      5.58   3.336E+00 lm   4.020E+00 nc   4.906E+13   4.423E+13   3.843E-01   3.679E-01   7.565E-01   6.050E-03
       6      7.17   3.291E+00 lm   3.966E+00 lm   4.868E+13   4.389E+13   3.962E-01   3.536E-01   7.824E-01   5.923E-03
       7      8.76   3.235E+00 lm   3.885E+00 lm   4.829E+13   4.351E+13   4.100E-01   3.418E-01   8.060E-01   5.764E-03
       8     10.36   3.171E+00 lm   3.773E+00 lm   4.784E+13   4.311E+13   4.262E-01   3.313E-01   8.277E-01   5.570E-03
       9     11.95   3.113E+00 th   3.672E+00 th   4.737E+13   4.273E+13   4.424E-01   3.218E-01   8.480E-01   5.393E-03
      10     13.55   3.055E+00 th   3.576E+00 th   4.688E+13   4.232E+13   4.591E-01   3.135E-01   8.674E-01   5.219E-03
      11     15.14   2.990E+00 th   3.477E+00 th   4.636E+13   4.186E+13   4.771E-01   3.057E-01   8.857E-01   5.036E-03
      12     16.73   2.924E+00 th   3.378E+00 th   4.580E+13   4.136E+13   4.960E-01   2.980E-01   9.033E-01   4.848E-03
      13     18.33   2.856E+00 th   3.277E+00 th   4.520E+13   4.081E+13   5.145E-01   2.899E-01   9.207E-01   4.656E-03
      14     19.92   2.787E+00 th   3.174E+00 th   4.454E+13   4.021E+13   5.322E-01   2.811E-01   9.382E-01   4.460E-03
      15     21.52   2.716E+00 th   3.070E+00 th   4.385E+13   3.956E+13   5.490E-01   2.716E-01   9.564E-01   4.262E-03
      16     23.11   2.645E+00 th   2.968E+00 th   4.309E+13   3.888E+13   5.655E-01   2.620E-01   9.756E-01   4.064E-03
      17     24.71   2.572E+00 th   2.865E+00 th   4.230E+13   3.816E+13   5.811E-01   2.518E-01   9.959E-01   3.865E-03
      18     26.30   2.497E+00 th   2.762E+00 th   4.145E+13   3.740E+13   5.953E-01   2.411E-01   1.018E+00   3.665E-03
      19     27.89   2.422E+00 th   2.660E+00 th   4.056E+13   3.661E+13   6.078E-01   2.297E-01   1.041E+00   3.466E-03
      20     29.49   2.345E+00 th   2.558E+00 th   3.964E+13   3.580E+13   6.177E-01   2.177E-01   1.066E+00   3.269E-03
      21     31.08   2.267E+00 th   2.455E+00 th   3.866E+13   3.497E+13   6.243E-01   2.052E-01   1.094E+00   3.075E-03
      22     32.67   2.187E+00 th   2.352E+00 th   3.765E+13   3.410E+13   6.270E-01   1.915E-01   1.124E+00   2.880E-03
      23     34.27   2.110E+00 th   2.254E+00 th   3.663E+13   3.323E+13   6.370E-01   1.809E-01   1.157E+00   2.697E-03
      24     35.86   2.040E+00 th   2.157E+00 th   3.546E+13   3.237E+13   6.304E-01   1.671E-01   1.192E+00   2.519E-03
      25     37.45   1.965E+00 th   2.062E+00 th   3.431E+13   3.147E+13   6.270E-01   1.548E-01   1.231E+00   2.345E-03
      26     39.04   1.882E+00 th   1.967E+00 th   3.319E+13   3.051E+13   6.324E-01   1.443E-01   1.272E+00   2.170E-03
      27     40.62   1.797E+00 th   1.871E+00 th   3.204E+13   2.952E+13   6.382E-01   1.339E-01   1.316E+00   1.999E-03
      28     42.21   1.711E+00 th   1.777E+00 th   3.089E+13   2.851E+13   6.440E-01   1.241E-01   1.363E+00   1.834E-03
      29     43.79   1.625E+00 th   1.684E+00 th   2.972E+13   2.748E+13   6.510E-01   1.148E-01   1.413E+00   1.676E-03
      30     45.38   1.537E+00 th   1.593E+00 th   2.854E+13   2.642E+13   6.581E-01   1.057E-01   1.466E+00   1.523E-03
      31     46.96   1.450E+00 th   1.503E+00 th   2.734E+13   2.535E+13   6.645E-01   9.695E-02   1.522E+00   1.378E-03
      32     48.53   1.363E+00 th   1.416E+00 th   2.613E+13   2.428E+13   6.711E-01   8.861E-02   1.581E+00   1.240E-03
      33     50.11   1.279E+00 th   1.330E+00 th   2.493E+13   2.320E+13   6.775E-01   8.080E-02   1.644E+00   1.111E-03
      34     51.69   1.195E+00 th   1.247E+00 th   2.371E+13   2.209E+13   6.833E-01   7.341E-02   1.710E+00   9.899E-04
      35     53.26   1.112E+00 th   1.167E+00 th   2.247E+13   2.096E+13   6.883E-01   6.634E-02   1.780E+00   8.760E-04
      36     54.83   1.029E+00 th   1.091E+00 th   2.121E+13   1.979E+13   6.923E-01   5.956E-02   1.854E+00   7.691E-04
      37     56.39   9.450E-01 th   1.019E+00 th   1.991E+13   1.857E+13   6.956E-01   5.308E-02   1.933E+00   6.687E-04
      38     57.96   8.601E-01 th   9.507E-01 th   1.855E+13   1.731E+13   6.976E-01   4.686E-02   2.016E+00   5.744E-04
      39     59.52   7.732E-01 th   8.852E-01 th   1.713E+13   1.598E+13   6.987E-01   4.088E-02   2.104E+00   4.854E-04
      40     61.08   6.830E-01 th   8.203E-01 th   1.564E+13   1.458E+13   6.990E-01   3.509E-02   2.197E+00   4.012E-04
      41     62.63   5.878E-01 th   7.532E-01 th   1.408E+13   1.311E+13   6.984E-01   2.945E-02   2.297E+00   3.215E-04
      42     64.18   4.865E-01 th   6.797E-01 th   1.243E+13   1.156E+13   6.971E-01   2.386E-02   2.403E+00   2.463E-04
      43     65.73   3.795E-01 th   5.964E-01 th   1.076E+13   9.985E+12   6.959E-01   1.836E-02   2.515E+00   1.778E-04
      44     67.28   2.624E-01 th   4.970E-01 th   9.097E+12   8.437E+12   6.944E-01   1.270E-02   2.637E+00   1.166E-04
      45     68.82   1.069E-01 th   3.540E-01 th   7.228E+12   6.772E+12   6.886E-01   5.509E-03   2.767E+00   5.616E-05
      46     70.36   1.004E-01 th   3.479E-01 th   5.213E+12   4.907E+12   6.861E-01   4.206E-03   2.908E+00   3.953E-05
      47     71.89   9.559E-02 th   3.437E-01 th   3.071E+12   2.922E+12   7.179E-01   3.876E-03   3.057E+00   2.299E-05
      48     73.42   7.513E-02 th   3.244E-01 th   1.811E+12   1.421E+12   2.445E-03   3.747E-04   3.211E+00   1.058E-05
      49     74.95   1.161E-03 th   1.287E-02 th   1.141E+12   1.145E+12   9.313E-01   1.407E-05   3.375E+00   2.847E-07
      50     76.47   1.018E-03 th   1.043E-02 th   9.784E+11   9.818E+11   1.128E+00   6.659E-06   3.546E+00   1.991E-07
      51     77.99   1.001E-03 th   1.025E-02 th   7.341E+11   7.374E+11   1.031E+00   2.102E-05   3.723E+00   1.470E-07
      52     79.51   1.000E-03 th   1.000E-03 th   4.693E+11   4.726E+11   1.031E+00   0.000E+00   3.906E+00   1.669E-08

