# Trace from filein = ./62270a01                                                                                                                   
#   time        PALFT                                                                                                                        
   2.0000E+00   0.0000E+00
   2.0000E+00   0.0000E+00
   2.0000E+00   0.0000E+00
   2.0001E+00   0.0000E+00
   2.0001E+00   0.0000E+00
   2.0001E+00   0.0000E+00
   2.0001E+00   0.0000E+00
   2.0001E+00   0.0000E+00
   2.0001E+00   0.0000E+00
   2.0001E+00   0.0000E+00
   2.0001E+00   0.0000E+00
   2.0002E+00   0.0000E+00
   2.0002E+00   0.0000E+00
   2.0002E+00   0.0000E+00
   2.0002E+00   0.0000E+00
   2.0002E+00   0.0000E+00
   2.0002E+00   0.0000E+00
   2.0003E+00   0.0000E+00
   2.0003E+00   0.0000E+00
   2.0003E+00   0.0000E+00
   2.0003E+00   0.0000E+00
   2.0004E+00   0.0000E+00
   2.0005E+00   0.0000E+00
   2.0006E+00   0.0000E+00
   2.0007E+00   0.0000E+00
   2.0007E+00   0.0000E+00
   2.0008E+00   0.0000E+00
   2.0008E+00   0.0000E+00
   2.0009E+00   0.0000E+00
   2.0009E+00   0.0000E+00
   2.0010E+00   0.0000E+00
   2.0011E+00   0.0000E+00
   2.0011E+00   0.0000E+00
   2.0013E+00   0.0000E+00
   2.0014E+00   0.0000E+00
   2.0015E+00   0.0000E+00
   2.0017E+00   0.0000E+00
   2.0018E+00   0.0000E+00
   2.0020E+00   0.0000E+00
   2.0022E+00   0.0000E+00
   2.0024E+00   0.0000E+00
   2.0026E+00   0.0000E+00
   2.0028E+00   0.0000E+00
   2.0030E+00   0.0000E+00
   2.0031E+00   0.0000E+00
   2.0032E+00   0.0000E+00
   2.0033E+00   0.0000E+00
   2.0034E+00   0.0000E+00
   2.0035E+00   0.0000E+00
   2.0036E+00   0.0000E+00
   2.0038E+00   0.0000E+00
   2.0040E+00   0.0000E+00
   2.0041E+00   0.0000E+00
   2.0043E+00   0.0000E+00
   2.0044E+00   0.0000E+00
   2.0045E+00   0.0000E+00
   2.0047E+00   0.0000E+00
   2.0049E+00   0.0000E+00
   2.0053E+00   0.0000E+00
   2.0060E+00   0.0000E+00
   2.0072E+00   0.0000E+00
   2.0083E+00   0.0000E+00
   2.0099E+00   0.0000E+00
   2.0126E+00   0.0000E+00
   2.0172E+00   0.0000E+00
   2.0237E+00   0.0000E+00
   2.0312E+00   0.0000E+00
   2.0387E+00   0.0000E+00
   2.0462E+00   0.0000E+00
   2.0537E+00   0.0000E+00
   2.0593E+00   0.0000E+00
   2.0668E+00   0.0000E+00
   2.0742E+00   0.0000E+00
   2.0817E+00   0.0000E+00
   2.0893E+00   0.0000E+00
   2.0968E+00   0.0000E+00
   2.1036E+00   0.0000E+00
   2.1106E+00   0.0000E+00
   2.1181E+00   0.0000E+00
   2.1256E+00   0.0000E+00
   2.1266E+00   0.0000E+00
   2.1284E+00   0.0000E+00
   2.1288E+00   0.0000E+00
   2.1293E+00   0.0000E+00
   2.1295E+00   0.0000E+00
   2.1296E+00   0.0000E+00
   2.1297E+00   0.0000E+00
   2.1298E+00   0.0000E+00
   2.1300E+00   0.0000E+00
   2.1304E+00   0.0000E+00
   2.1311E+00   0.0000E+00
   2.1321E+00   0.0000E+00
   2.1340E+00   0.0000E+00
   2.1373E+00   0.0000E+00
   2.1430E+00   0.0000E+00
   2.1505E+00   0.0000E+00
   2.1580E+00   0.0000E+00
   2.1655E+00   0.0000E+00
   2.1730E+00   0.0000E+00
   2.1805E+00   0.0000E+00
   2.1880E+00   0.0000E+00
   2.1955E+00   0.0000E+00
   2.2030E+00   0.0000E+00
   2.2105E+00   0.0000E+00
   2.2180E+00   0.0000E+00
   2.2255E+00   0.0000E+00
   2.2330E+00   0.0000E+00
   2.2405E+00   0.0000E+00
   2.2480E+00   0.0000E+00
   2.2555E+00   0.0000E+00
   2.2630E+00   0.0000E+00
   2.2705E+00   0.0000E+00
   2.2780E+00   0.0000E+00
   2.2855E+00   0.0000E+00
   2.2930E+00   0.0000E+00
   2.3005E+00   0.0000E+00
   2.3080E+00   0.0000E+00
   2.3155E+00   0.0000E+00
   2.3230E+00   0.0000E+00
   2.3305E+00   0.0000E+00
   2.3380E+00   0.0000E+00
   2.3439E+00   0.0000E+00
   2.3514E+00   0.0000E+00
   2.3589E+00   0.0000E+00
   2.3664E+00   0.0000E+00
   2.3739E+00   0.0000E+00
   2.3814E+00   0.0000E+00
   2.3889E+00   0.0000E+00
   2.3964E+00   0.0000E+00
   2.4039E+00   0.0000E+00
   2.4114E+00   0.0000E+00
   2.4189E+00   0.0000E+00
   2.4264E+00   0.0000E+00
   2.4339E+00   0.0000E+00
   2.4414E+00   0.0000E+00
   2.4489E+00   0.0000E+00
   2.4564E+00   0.0000E+00
   2.4639E+00   0.0000E+00
   2.4714E+00   0.0000E+00
   2.4789E+00   0.0000E+00
   2.4864E+00   0.0000E+00
   2.4910E+00   0.0000E+00
   2.4941E+00   0.0000E+00
   2.4964E+00   0.0000E+00
   2.4989E+00   0.0000E+00
   2.5008E+00   0.0000E+00
   2.5008E+00   0.0000E+00
   2.5008E+00   0.0000E+00
   2.5008E+00   0.0000E+00
   2.5008E+00   0.0000E+00
   2.5008E+00   0.0000E+00
   2.5008E+00   0.0000E+00
   2.5008E+00   0.0000E+00
   2.5008E+00   0.0000E+00
   2.5008E+00   0.0000E+00
   2.5008E+00   0.0000E+00
   2.5008E+00   0.0000E+00
   2.5008E+00   0.0000E+00
   2.5008E+00   0.0000E+00
   2.5008E+00   0.0000E+00
   2.5008E+00   0.0000E+00
   2.5009E+00   0.0000E+00
   2.5010E+00   0.0000E+00
   2.5012E+00   0.0000E+00
   2.5013E+00   0.0000E+00
   2.5015E+00   0.0000E+00
   2.5018E+00   0.0000E+00
   2.5018E+00   0.0000E+00
   2.5019E+00   0.0000E+00
   2.5019E+00   0.0000E+00
   2.5020E+00   0.0000E+00
   2.5020E+00   0.0000E+00
   2.5021E+00   0.0000E+00
   2.5024E+00   0.0000E+00
   2.5027E+00   0.0000E+00
   2.5034E+00   0.0000E+00
   2.5043E+00   0.0000E+00
   2.5055E+00   0.0000E+00
   2.5069E+00   0.0000E+00
   2.5083E+00   0.0000E+00
   2.5104E+00   0.0000E+00
   2.5131E+00   0.0000E+00
   2.5159E+00   0.0000E+00
   2.5177E+00   0.0000E+00
   2.5190E+00   0.0000E+00
   2.5201E+00   0.0000E+00
   2.5205E+00   0.0000E+00
   2.5213E+00   0.0000E+00
   2.5225E+00   0.0000E+00
   2.5241E+00   0.0000E+00
   2.5249E+00   0.0000E+00
   2.5264E+00   0.0000E+00
   2.5284E+00   0.0000E+00
   2.5284E+00   0.0000E+00
   2.5284E+00   0.0000E+00
   2.5284E+00   0.0000E+00
   2.5284E+00   0.0000E+00
   2.5284E+00   0.0000E+00
   2.5284E+00   0.0000E+00
   2.5284E+00   0.0000E+00
   2.5284E+00   0.0000E+00
   2.5284E+00   0.0000E+00
   2.5284E+00   0.0000E+00
   2.5284E+00   0.0000E+00
   2.5284E+00   0.0000E+00
   2.5285E+00   0.0000E+00
   2.5285E+00   0.0000E+00
   2.5286E+00   0.0000E+00
   2.5287E+00   0.0000E+00
   2.5289E+00   0.0000E+00
   2.5290E+00   0.0000E+00
   2.5292E+00   0.0000E+00
   2.5292E+00   0.0000E+00
   2.5293E+00   0.0000E+00
   2.5293E+00   0.0000E+00
   2.5293E+00   0.0000E+00
   2.5293E+00   0.0000E+00
   2.5294E+00   0.0000E+00
   2.5294E+00   0.0000E+00
   2.5294E+00   0.0000E+00
   2.5294E+00   0.0000E+00
   2.5294E+00   0.0000E+00
   2.5294E+00   0.0000E+00
   2.5294E+00   0.0000E+00
   2.5294E+00   0.0000E+00
   2.5295E+00   0.0000E+00
   2.5295E+00   0.0000E+00
   2.5296E+00   0.0000E+00
   2.5297E+00   0.0000E+00
   2.5299E+00   0.0000E+00
   2.5302E+00   0.0000E+00
   2.5305E+00   0.0000E+00
   2.5308E+00   0.0000E+00
   2.5312E+00   0.0000E+00
   2.5315E+00   0.0000E+00
   2.5320E+00   0.0000E+00
   2.5326E+00   0.0000E+00
   2.5335E+00   0.0000E+00
   2.5351E+00   0.0000E+00
   2.5379E+00   0.0000E+00
   2.5426E+00   0.0000E+00
   2.5501E+00   0.0000E+00
   2.5576E+00   0.0000E+00
   2.5578E+00   0.0000E+00
   2.5578E+00   0.0000E+00
   2.5578E+00   0.0000E+00
   2.5578E+00   0.0000E+00
   2.5578E+00   0.0000E+00
   2.5578E+00   0.0000E+00
   2.5578E+00   0.0000E+00
   2.5578E+00   0.0000E+00
   2.5578E+00   0.0000E+00
   2.5578E+00   0.0000E+00
   2.5578E+00   0.0000E+00
   2.5578E+00   0.0000E+00
   2.5578E+00   0.0000E+00
   2.5578E+00   0.0000E+00
   2.5578E+00   0.0000E+00
   2.5578E+00   0.0000E+00
   2.5578E+00   0.0000E+00
   2.5579E+00   0.0000E+00
   2.5579E+00   0.0000E+00
   2.5579E+00   0.0000E+00
   2.5579E+00   0.0000E+00
   2.5579E+00   0.0000E+00
   2.5579E+00   0.0000E+00
   2.5580E+00   0.0000E+00
   2.5580E+00   0.0000E+00
   2.5580E+00   0.0000E+00
   2.5580E+00   0.0000E+00
   2.5580E+00   0.0000E+00
   2.5580E+00   0.0000E+00
   2.5580E+00   0.0000E+00
   2.5580E+00   0.0000E+00
   2.5581E+00   0.0000E+00
   2.5581E+00   0.0000E+00
   2.5582E+00   0.0000E+00
   2.5583E+00   0.0000E+00
   2.5584E+00   0.0000E+00
   2.5585E+00   0.0000E+00
   2.5586E+00   0.0000E+00
   2.5588E+00   0.0000E+00
   2.5590E+00   0.0000E+00
   2.5593E+00   0.0000E+00
   2.5599E+00   0.0000E+00
   2.5599E+00   0.0000E+00
   2.5600E+00   0.0000E+00
   2.5601E+00   0.0000E+00
   2.5602E+00   0.0000E+00
   2.5603E+00   0.0000E+00
   2.5605E+00   0.0000E+00
   2.5605E+00   0.0000E+00
   2.5605E+00   0.0000E+00
   2.5605E+00   0.0000E+00
   2.5605E+00   0.0000E+00
   2.5605E+00   0.0000E+00
   2.5606E+00   0.0000E+00
   2.5607E+00   0.0000E+00
   2.5608E+00   0.0000E+00
   2.5610E+00   0.0000E+00
   2.5614E+00   0.0000E+00
   2.5621E+00   0.0000E+00
   2.5633E+00   0.0000E+00
   2.5633E+00   0.0000E+00
   2.5633E+00   0.0000E+00
   2.5633E+00   0.0000E+00
   2.5633E+00   0.0000E+00
   2.5633E+00   0.0000E+00
   2.5633E+00   0.0000E+00
   2.5633E+00   0.0000E+00
   2.5633E+00   0.0000E+00
   2.5633E+00   0.0000E+00
   2.5633E+00   0.0000E+00
   2.5633E+00   0.0000E+00
   2.5634E+00   0.0000E+00
   2.5635E+00   0.0000E+00
   2.5636E+00   0.0000E+00
   2.5636E+00   0.0000E+00
   2.5636E+00   0.0000E+00
   2.5636E+00   0.0000E+00
   2.5636E+00   0.0000E+00
   2.5636E+00   0.0000E+00
   2.5637E+00   0.0000E+00
   2.5637E+00   0.0000E+00
   2.5637E+00   0.0000E+00
   2.5638E+00   0.0000E+00
   2.5638E+00   0.0000E+00
   2.5639E+00   0.0000E+00
   2.5640E+00   0.0000E+00
   2.5643E+00   0.0000E+00
   2.5646E+00   0.0000E+00
   2.5652E+00   0.0000E+00
   2.5663E+00   0.0000E+00
   2.5675E+00   0.0000E+00
   2.5677E+00   0.0000E+00
   2.5680E+00   0.0000E+00
   2.5686E+00   0.0000E+00
   2.5690E+00   0.0000E+00
   2.5695E+00   0.0000E+00
   2.5704E+00   0.0000E+00
   2.5719E+00   0.0000E+00
   2.5744E+00   0.0000E+00
   2.5788E+00   0.0000E+00
   2.5837E+00   0.0000E+00
   2.5838E+00   0.0000E+00
   2.5839E+00   0.0000E+00
   2.5839E+00   0.0000E+00
   2.5839E+00   0.0000E+00
   2.5840E+00   0.0000E+00
   2.5840E+00   0.0000E+00
   2.5840E+00   0.0000E+00
   2.5840E+00   0.0000E+00
   2.5840E+00   0.0000E+00
   2.5840E+00   0.0000E+00
   2.5840E+00   0.0000E+00
   2.5841E+00   0.0000E+00
   2.5842E+00   0.0000E+00
   2.5843E+00   0.0000E+00
   2.5844E+00   0.0000E+00
   2.5847E+00   0.0000E+00
   2.5849E+00   0.0000E+00
   2.5851E+00   0.0000E+00
   2.5853E+00   0.0000E+00
   2.5857E+00   0.0000E+00
   2.5859E+00   0.0000E+00
   2.5861E+00   0.0000E+00
   2.5865E+00   0.0000E+00
   2.5869E+00   0.0000E+00
   2.5869E+00   0.0000E+00
   2.5869E+00   0.0000E+00
   2.5869E+00   0.0000E+00
   2.5869E+00   0.0000E+00
   2.5869E+00   0.0000E+00
   2.5869E+00   0.0000E+00
   2.5869E+00   0.0000E+00
   2.5869E+00   0.0000E+00
   2.5869E+00   0.0000E+00
   2.5870E+00   0.0000E+00
   2.5870E+00   0.0000E+00
   2.5870E+00   0.0000E+00
   2.5870E+00   0.0000E+00
   2.5870E+00   0.0000E+00
   2.5870E+00   0.0000E+00
   2.5870E+00   0.0000E+00
   2.5870E+00   0.0000E+00
   2.5870E+00   0.0000E+00
   2.5870E+00   0.0000E+00
   2.5870E+00   0.0000E+00
   2.5870E+00   0.0000E+00
   2.5870E+00   0.0000E+00
   2.5870E+00   0.0000E+00
   2.5870E+00   0.0000E+00
   2.5870E+00   0.0000E+00
   2.5870E+00   0.0000E+00
   2.5870E+00   0.0000E+00
   2.5870E+00   0.0000E+00
   2.5870E+00   0.0000E+00
   2.5870E+00   0.0000E+00
   2.5870E+00   0.0000E+00
   2.5871E+00   0.0000E+00
   2.5872E+00   0.0000E+00
   2.5873E+00   0.0000E+00
   2.5874E+00   0.0000E+00
   2.5876E+00   0.0000E+00
   2.5879E+00   0.0000E+00
   2.5884E+00   0.0000E+00
   2.5884E+00   0.0000E+00
   2.5885E+00   0.0000E+00
   2.5885E+00   0.0000E+00
   2.5885E+00   0.0000E+00
   2.5885E+00   0.0000E+00
   2.5885E+00   0.0000E+00
   2.5886E+00   0.0000E+00
   2.5886E+00   0.0000E+00
   2.5886E+00   0.0000E+00
   2.5886E+00   0.0000E+00
   2.5886E+00   0.0000E+00
   2.5886E+00   0.0000E+00
   2.5887E+00   0.0000E+00
   2.5887E+00   0.0000E+00
   2.5888E+00   0.0000E+00
   2.5889E+00   0.0000E+00
   2.5890E+00   0.0000E+00
   2.5891E+00   0.0000E+00
   2.5892E+00   0.0000E+00
   2.5892E+00   0.0000E+00
   2.5893E+00   0.0000E+00
   2.5895E+00   0.0000E+00
   2.5898E+00   0.0000E+00
   2.5904E+00   0.0000E+00
   2.5913E+00   0.0000E+00
   2.5929E+00   0.0000E+00
   2.5957E+00   0.0000E+00
   2.6006E+00   0.0000E+00
   2.6077E+00   0.0000E+00
   2.6152E+00   0.0000E+00
   2.6227E+00   0.0000E+00
   2.6302E+00   0.0000E+00
   2.6377E+00   0.0000E+00
   2.6452E+00   0.0000E+00
   2.6527E+00   0.0000E+00
   2.6602E+00   0.0000E+00
   2.6677E+00   0.0000E+00
   2.6752E+00   0.0000E+00
   2.6753E+00   0.0000E+00
   2.6753E+00   0.0000E+00
   2.6753E+00   0.0000E+00
   2.6753E+00   0.0000E+00
   2.6753E+00   0.0000E+00
   2.6753E+00   0.0000E+00
   2.6753E+00   0.0000E+00
   2.6753E+00   0.0000E+00
   2.6753E+00   0.0000E+00
   2.6753E+00   0.0000E+00
   2.6753E+00   0.0000E+00
   2.6753E+00   0.0000E+00
   2.6753E+00   0.0000E+00
   2.6753E+00   0.0000E+00
   2.6753E+00   0.0000E+00
   2.6753E+00   0.0000E+00
   2.6753E+00   0.0000E+00
   2.6753E+00   0.0000E+00
   2.6753E+00   0.0000E+00
   2.6753E+00   0.0000E+00
   2.6753E+00   0.0000E+00
   2.6753E+00   0.0000E+00
   2.6753E+00   0.0000E+00
   2.6753E+00   0.0000E+00
   2.6753E+00   0.0000E+00
   2.6753E+00   0.0000E+00
   2.6753E+00   0.0000E+00
   2.6753E+00   0.0000E+00
   2.6753E+00   0.0000E+00
   2.6753E+00   0.0000E+00
   2.6753E+00   0.0000E+00
   2.6753E+00   0.0000E+00
   2.6753E+00   0.0000E+00
   2.6753E+00   0.0000E+00
   2.6753E+00   0.0000E+00
   2.6753E+00   0.0000E+00
   2.6753E+00   0.0000E+00
   2.6753E+00   0.0000E+00
   2.6753E+00   0.0000E+00
   2.6753E+00   0.0000E+00
   2.6753E+00   0.0000E+00
   2.6753E+00   0.0000E+00
   2.6753E+00   0.0000E+00
   2.6753E+00   0.0000E+00
   2.6753E+00   0.0000E+00
   2.6753E+00   0.0000E+00
   2.6753E+00   0.0000E+00
   2.6753E+00   0.0000E+00
   2.6754E+00   0.0000E+00
   2.6754E+00   0.0000E+00
   2.6754E+00   0.0000E+00
   2.6754E+00   0.0000E+00
   2.6755E+00   0.0000E+00
   2.6755E+00   0.0000E+00
   2.6755E+00   0.0000E+00
   2.6755E+00   0.0000E+00
   2.6755E+00   0.0000E+00
   2.6755E+00   0.0000E+00
   2.6756E+00   0.0000E+00
   2.6756E+00   0.0000E+00
   2.6756E+00   0.0000E+00
   2.6757E+00   0.0000E+00
   2.6757E+00   0.0000E+00
   2.6757E+00   0.0000E+00
   2.6757E+00   0.0000E+00
   2.6757E+00   0.0000E+00
   2.6757E+00   0.0000E+00
   2.6757E+00   0.0000E+00
   2.6757E+00   0.0000E+00
   2.6757E+00   0.0000E+00
   2.6757E+00   0.0000E+00
   2.6757E+00   0.0000E+00
   2.6757E+00   0.0000E+00
   2.6757E+00   0.0000E+00
   2.6757E+00   0.0000E+00
   2.6758E+00   0.0000E+00
   2.6758E+00   0.0000E+00
   2.6758E+00   0.0000E+00
   2.6758E+00   0.0000E+00
   2.6758E+00   0.0000E+00
   2.6758E+00   0.0000E+00
   2.6758E+00   0.0000E+00
   2.6758E+00   0.0000E+00
   2.6758E+00   0.0000E+00
   2.6758E+00   0.0000E+00
   2.6758E+00   0.0000E+00
   2.6758E+00   0.0000E+00
   2.6758E+00   0.0000E+00
   2.6758E+00   0.0000E+00
   2.6758E+00   0.0000E+00
   2.6759E+00   0.0000E+00
   2.6759E+00   0.0000E+00
   2.6759E+00   0.0000E+00
   2.6759E+00   0.0000E+00
   2.6760E+00   0.0000E+00
   2.6760E+00   0.0000E+00
   2.6760E+00   0.0000E+00
   2.6760E+00   0.0000E+00
   2.6760E+00   0.0000E+00
   2.6760E+00   0.0000E+00
   2.6760E+00   0.0000E+00
   2.6760E+00   0.0000E+00
   2.6761E+00   0.0000E+00
   2.6761E+00   0.0000E+00
   2.6761E+00   0.0000E+00
   2.6761E+00   0.0000E+00
   2.6761E+00   0.0000E+00
   2.6762E+00   0.0000E+00
   2.6762E+00   0.0000E+00
   2.6763E+00   0.0000E+00
   2.6764E+00   0.0000E+00
   2.6766E+00   0.0000E+00
   2.6769E+00   0.0000E+00
   2.6774E+00   0.0000E+00
   2.6780E+00   0.0000E+00
   2.6783E+00   0.0000E+00
   2.6787E+00   0.0000E+00
   2.6792E+00   0.0000E+00
   2.6800E+00   0.0000E+00
   2.6812E+00   0.0000E+00
   2.6832E+00   0.0000E+00
   2.6833E+00   0.0000E+00
   2.6834E+00   0.0000E+00
   2.6834E+00   0.0000E+00
   2.6834E+00   0.0000E+00
   2.6834E+00   0.0000E+00
   2.6834E+00   0.0000E+00
   2.6834E+00   0.0000E+00
   2.6834E+00   0.0000E+00
   2.6834E+00   0.0000E+00
   2.6834E+00   0.0000E+00
   2.6835E+00   0.0000E+00
   2.6835E+00   0.0000E+00
   2.6835E+00   0.0000E+00
   2.6835E+00   0.0000E+00
   2.6836E+00   0.0000E+00
   2.6836E+00   0.0000E+00
   2.6837E+00   0.0000E+00
   2.6837E+00   0.0000E+00
   2.6838E+00   0.0000E+00
   2.6839E+00   0.0000E+00
   2.6841E+00   0.0000E+00
   2.6844E+00   0.0000E+00
   2.6848E+00   0.0000E+00
   2.6853E+00   0.0000E+00
   2.6858E+00   0.0000E+00
   2.6867E+00   0.0000E+00
   2.6880E+00   0.0000E+00
   2.6880E+00   0.0000E+00
   2.6880E+00   0.0000E+00
   2.6880E+00   0.0000E+00
   2.6881E+00   0.0000E+00
   2.6881E+00   0.0000E+00
   2.6881E+00   0.0000E+00
   2.6881E+00   0.0000E+00
   2.6881E+00   0.0000E+00
   2.6881E+00   0.0000E+00
   2.6881E+00   0.0000E+00
   2.6881E+00   0.0000E+00
   2.6881E+00   0.0000E+00
   2.6881E+00   0.0000E+00
   2.6881E+00   0.0000E+00
   2.6881E+00   0.0000E+00
   2.6881E+00   0.0000E+00
   2.6881E+00   0.0000E+00
   2.6881E+00   0.0000E+00
   2.6881E+00   0.0000E+00
   2.6881E+00   0.0000E+00
   2.6881E+00   0.0000E+00
   2.6881E+00   0.0000E+00
   2.6881E+00   0.0000E+00
   2.6881E+00   0.0000E+00
   2.6881E+00   0.0000E+00
   2.6881E+00   0.0000E+00
   2.6881E+00   0.0000E+00
   2.6881E+00   0.0000E+00
   2.6881E+00   0.0000E+00
   2.6881E+00   0.0000E+00
   2.6881E+00   0.0000E+00
   2.6882E+00   0.0000E+00
   2.6882E+00   0.0000E+00
   2.6882E+00   0.0000E+00
   2.6882E+00   0.0000E+00
   2.6883E+00   0.0000E+00
   2.6883E+00   0.0000E+00
   2.6883E+00   0.0000E+00
   2.6883E+00   0.0000E+00
   2.6883E+00   0.0000E+00
   2.6884E+00   0.0000E+00
   2.6884E+00   0.0000E+00
   2.6885E+00   0.0000E+00
   2.6886E+00   0.0000E+00
   2.6887E+00   0.0000E+00
   2.6888E+00   0.0000E+00
   2.6889E+00   0.0000E+00
   2.6890E+00   0.0000E+00
   2.6892E+00   0.0000E+00
   2.6895E+00   0.0000E+00
   2.6898E+00   0.0000E+00
   2.6903E+00   0.0000E+00
   2.6909E+00   0.0000E+00
   2.6916E+00   0.0000E+00
   2.6916E+00   0.0000E+00
   2.6916E+00   0.0000E+00
   2.6916E+00   0.0000E+00
   2.6916E+00   0.0000E+00
   2.6916E+00   0.0000E+00
   2.6916E+00   0.0000E+00
   2.6916E+00   0.0000E+00
   2.6916E+00   0.0000E+00
   2.6916E+00   0.0000E+00
   2.6917E+00   0.0000E+00
   2.6917E+00   0.0000E+00
   2.6917E+00   0.0000E+00
   2.6917E+00   0.0000E+00
   2.6917E+00   0.0000E+00
   2.6917E+00   0.0000E+00
   2.6917E+00   0.0000E+00
   2.6917E+00   0.0000E+00
   2.6917E+00   0.0000E+00
   2.6917E+00   0.0000E+00
   2.6917E+00   0.0000E+00
   2.6917E+00   0.0000E+00
   2.6917E+00   0.0000E+00
   2.6917E+00   0.0000E+00
   2.6917E+00   0.0000E+00
   2.6917E+00   0.0000E+00
   2.6917E+00   0.0000E+00
   2.6918E+00   0.0000E+00
   2.6918E+00   0.0000E+00
   2.6919E+00   0.0000E+00
   2.6921E+00   0.0000E+00
   2.6923E+00   0.0000E+00
   2.6923E+00   0.0000E+00
   2.6923E+00   0.0000E+00
   2.6924E+00   0.0000E+00
   2.6924E+00   0.0000E+00
   2.6924E+00   0.0000E+00
   2.6925E+00   0.0000E+00
   2.6925E+00   0.0000E+00
   2.6927E+00   0.0000E+00
   2.6929E+00   0.0000E+00
   2.6930E+00   0.0000E+00
   2.6930E+00   0.0000E+00
   2.6931E+00   0.0000E+00
   2.6932E+00   0.0000E+00
   2.6933E+00   0.0000E+00
   2.6936E+00   0.0000E+00
   2.6941E+00   0.0000E+00
   2.6950E+00   0.0000E+00
   2.6965E+00   0.0000E+00
   2.6992E+00   0.0000E+00
   2.7038E+00   0.0000E+00
   2.7113E+00   0.0000E+00
   2.7113E+00   0.0000E+00
   2.7113E+00   0.0000E+00
   2.7113E+00   0.0000E+00
   2.7113E+00   0.0000E+00
   2.7113E+00   0.0000E+00
   2.7113E+00   0.0000E+00
   2.7113E+00   0.0000E+00
   2.7113E+00   0.0000E+00
   2.7113E+00   0.0000E+00
   2.7113E+00   0.0000E+00
   2.7113E+00   0.0000E+00
   2.7113E+00   0.0000E+00
   2.7113E+00   0.0000E+00
   2.7113E+00   0.0000E+00
   2.7113E+00   0.0000E+00
   2.7113E+00   0.0000E+00
   2.7113E+00   0.0000E+00
   2.7113E+00   0.0000E+00
   2.7114E+00   0.0000E+00
   2.7114E+00   0.0000E+00
   2.7114E+00   0.0000E+00
   2.7114E+00   0.0000E+00
   2.7115E+00   0.0000E+00
   2.7115E+00   0.0000E+00
   2.7115E+00   0.0000E+00
   2.7115E+00   0.0000E+00
   2.7116E+00   0.0000E+00
   2.7116E+00   0.0000E+00
   2.7116E+00   0.0000E+00
   2.7116E+00   0.0000E+00
   2.7116E+00   0.0000E+00
   2.7117E+00   0.0000E+00
   2.7117E+00   0.0000E+00
   2.7117E+00   0.0000E+00
   2.7117E+00   0.0000E+00
   2.7117E+00   0.0000E+00
   2.7118E+00   0.0000E+00
   2.7118E+00   0.0000E+00
   2.7118E+00   0.0000E+00
   2.7119E+00   0.0000E+00
   2.7120E+00   0.0000E+00
   2.7121E+00   0.0000E+00
   2.7122E+00   0.0000E+00
   2.7123E+00   0.0000E+00
   2.7124E+00   0.0000E+00
   2.7125E+00   0.0000E+00
   2.7126E+00   0.0000E+00
   2.7129E+00   0.0000E+00
   2.7133E+00   0.0000E+00
   2.7140E+00   0.0000E+00
   2.7153E+00   0.0000E+00
   2.7176E+00   0.0000E+00
   2.7190E+00   0.0000E+00
   2.7208E+00   0.0000E+00
   2.7234E+00   0.0000E+00
   2.7274E+00   0.0000E+00
   2.7343E+00   0.0000E+00
   2.7343E+00   0.0000E+00
   2.7343E+00   0.0000E+00
   2.7343E+00   0.0000E+00
   2.7343E+00   0.0000E+00
   2.7343E+00   0.0000E+00
   2.7343E+00   0.0000E+00
   2.7343E+00   0.0000E+00
   2.7343E+00   0.0000E+00
   2.7343E+00   0.0000E+00
   2.7343E+00   0.0000E+00
   2.7343E+00   0.0000E+00
   2.7343E+00   0.0000E+00
   2.7343E+00   0.0000E+00
   2.7343E+00   0.0000E+00
   2.7343E+00   0.0000E+00
   2.7343E+00   0.0000E+00
   2.7343E+00   0.0000E+00
   2.7343E+00   0.0000E+00
   2.7343E+00   0.0000E+00
   2.7343E+00   0.0000E+00
   2.7343E+00   0.0000E+00
   2.7343E+00   0.0000E+00
   2.7344E+00   0.0000E+00
   2.7344E+00   0.0000E+00
   2.7344E+00   0.0000E+00
   2.7344E+00   0.0000E+00
   2.7344E+00   0.0000E+00
   2.7344E+00   0.0000E+00
   2.7344E+00   0.0000E+00
   2.7345E+00   0.0000E+00
   2.7345E+00   0.0000E+00
   2.7346E+00   0.0000E+00
   2.7347E+00   0.0000E+00
   2.7349E+00   0.0000E+00
   2.7352E+00   0.0000E+00
   2.7356E+00   0.0000E+00
   2.7364E+00   0.0000E+00
   2.7364E+00   0.0000E+00
   2.7364E+00   0.0000E+00
   2.7364E+00   0.0000E+00
   2.7364E+00   0.0000E+00
   2.7364E+00   0.0000E+00
   2.7364E+00   0.0000E+00
   2.7364E+00   0.0000E+00
   2.7364E+00   0.0000E+00
   2.7365E+00   0.0000E+00
   2.7365E+00   0.0000E+00
   2.7366E+00   0.0000E+00
   2.7368E+00   0.0000E+00
   2.7371E+00   0.0000E+00
   2.7376E+00   0.0000E+00
   2.7384E+00   0.0000E+00
   2.7384E+00   0.0000E+00
   2.7384E+00   0.0000E+00
   2.7384E+00   0.0000E+00
   2.7384E+00   0.0000E+00
   2.7384E+00   0.0000E+00
   2.7385E+00   0.0000E+00
   2.7385E+00   0.0000E+00
   2.7385E+00   0.0000E+00
   2.7385E+00   0.0000E+00
   2.7385E+00   0.0000E+00
   2.7385E+00   0.0000E+00
   2.7385E+00   0.0000E+00
   2.7385E+00   0.0000E+00
   2.7386E+00   0.0000E+00
   2.7386E+00   0.0000E+00
   2.7386E+00   0.0000E+00
   2.7386E+00   0.0000E+00
   2.7387E+00   0.0000E+00
   2.7388E+00   0.0000E+00
   2.7389E+00   0.0000E+00
   2.7392E+00   0.0000E+00
   2.7396E+00   0.0000E+00
   2.7396E+00   0.0000E+00
   2.7397E+00   0.0000E+00
   2.7397E+00   0.0000E+00
   2.7397E+00   0.0000E+00
   2.7397E+00   0.0000E+00
   2.7397E+00   0.0000E+00
   2.7397E+00   0.0000E+00
   2.7398E+00   0.0000E+00
   2.7398E+00   0.0000E+00
   2.7398E+00   0.0000E+00
   2.7399E+00   0.0000E+00
   2.7399E+00   0.0000E+00
   2.7400E+00   0.0000E+00
   2.7401E+00   0.0000E+00
   2.7403E+00   0.0000E+00
   2.7406E+00   0.0000E+00
   2.7412E+00   0.0000E+00
   2.7422E+00   0.0000E+00
   2.7440E+00   0.0000E+00
   2.7468E+00   0.0000E+00
   2.7516E+00   0.0000E+00
   2.7591E+00   0.0000E+00
   2.7666E+00   0.0000E+00
   2.7741E+00   0.0000E+00
   2.7816E+00   0.0000E+00
   2.7817E+00   0.0000E+00
   2.7817E+00   0.0000E+00
   2.7817E+00   0.0000E+00
   2.7817E+00   0.0000E+00
   2.7817E+00   0.0000E+00
   2.7817E+00   0.0000E+00
   2.7817E+00   0.0000E+00
   2.7817E+00   0.0000E+00
   2.7817E+00   0.0000E+00
   2.7817E+00   0.0000E+00
   2.7817E+00   0.0000E+00
   2.7817E+00   0.0000E+00
   2.7817E+00   0.0000E+00
   2.7817E+00   0.0000E+00
   2.7817E+00   0.0000E+00
   2.7817E+00   0.0000E+00
   2.7817E+00   0.0000E+00
   2.7817E+00   0.0000E+00
   2.7818E+00   0.0000E+00
   2.7818E+00   0.0000E+00
   2.7818E+00   0.0000E+00
   2.7819E+00   0.0000E+00
   2.7819E+00   0.0000E+00
   2.7819E+00   0.0000E+00
   2.7820E+00   0.0000E+00
   2.7821E+00   0.0000E+00
   2.7821E+00   0.0000E+00
   2.7821E+00   0.0000E+00
   2.7821E+00   0.0000E+00
   2.7821E+00   0.0000E+00
   2.7822E+00   0.0000E+00
   2.7822E+00   0.0000E+00
   2.7822E+00   0.0000E+00
   2.7822E+00   0.0000E+00
   2.7822E+00   0.0000E+00
   2.7822E+00   0.0000E+00
   2.7822E+00   0.0000E+00
   2.7822E+00   0.0000E+00
   2.7822E+00   0.0000E+00
   2.7822E+00   0.0000E+00
   2.7822E+00   0.0000E+00
   2.7822E+00   0.0000E+00
   2.7822E+00   0.0000E+00
   2.7822E+00   0.0000E+00
   2.7822E+00   0.0000E+00
   2.7823E+00   0.0000E+00
   2.7823E+00   0.0000E+00
   2.7824E+00   0.0000E+00
   2.7824E+00   0.0000E+00
   2.7824E+00   0.0000E+00
   2.7825E+00   0.0000E+00
   2.7825E+00   0.0000E+00
   2.7825E+00   0.0000E+00
   2.7825E+00   0.0000E+00
   2.7825E+00   0.0000E+00
   2.7825E+00   0.0000E+00
   2.7825E+00   0.0000E+00
   2.7825E+00   0.0000E+00
   2.7825E+00   0.0000E+00
   2.7825E+00   0.0000E+00
   2.7825E+00   0.0000E+00
   2.7825E+00   0.0000E+00
   2.7825E+00   0.0000E+00
   2.7825E+00   0.0000E+00
   2.7825E+00   0.0000E+00
   2.7826E+00   0.0000E+00
   2.7826E+00   0.0000E+00
   2.7826E+00   0.0000E+00
   2.7827E+00   0.0000E+00
   2.7828E+00   0.0000E+00
   2.7828E+00   0.0000E+00
   2.7828E+00   0.0000E+00
   2.7828E+00   0.0000E+00
   2.7829E+00   0.0000E+00
   2.7829E+00   0.0000E+00
   2.7830E+00   0.0000E+00
   2.7833E+00   0.0000E+00
   2.7836E+00   0.0000E+00
   2.7843E+00   0.0000E+00
   2.7854E+00   0.0000E+00
   2.7867E+00   0.0000E+00
   2.7890E+00   0.0000E+00
   2.7929E+00   0.0000E+00
   2.7961E+00   0.0000E+00
   2.8006E+00   0.0000E+00
   2.8081E+00   0.0000E+00
   2.8156E+00   0.0000E+00
   2.8231E+00   0.0000E+00
   2.8306E+00   0.0000E+00
   2.8307E+00   0.0000E+00
   2.8307E+00   0.0000E+00
   2.8307E+00   0.0000E+00
   2.8307E+00   0.0000E+00
   2.8307E+00   0.0000E+00
   2.8307E+00   0.0000E+00
   2.8307E+00   0.0000E+00
   2.8307E+00   0.0000E+00
   2.8307E+00   0.0000E+00
   2.8307E+00   0.0000E+00
   2.8307E+00   0.0000E+00
   2.8307E+00   0.0000E+00
   2.8307E+00   0.0000E+00
   2.8307E+00   0.0000E+00
   2.8307E+00   0.0000E+00
   2.8307E+00   0.0000E+00
   2.8307E+00   0.0000E+00
   2.8308E+00   0.0000E+00
   2.8308E+00   0.0000E+00
   2.8308E+00   0.0000E+00
   2.8308E+00   0.0000E+00
   2.8309E+00   0.0000E+00
   2.8310E+00   0.0000E+00
   2.8310E+00   0.0000E+00
   2.8311E+00   0.0000E+00
   2.8312E+00   0.0000E+00
   2.8312E+00   0.0000E+00
   2.8312E+00   0.0000E+00
   2.8312E+00   0.0000E+00
   2.8313E+00   0.0000E+00
   2.8313E+00   0.0000E+00
   2.8313E+00   0.0000E+00
   2.8313E+00   0.0000E+00
   2.8314E+00   0.0000E+00
   2.8314E+00   0.0000E+00
   2.8315E+00   0.0000E+00
   2.8315E+00   0.0000E+00
   2.8316E+00   0.0000E+00
   2.8317E+00   0.0000E+00
   2.8318E+00   0.0000E+00
   2.8319E+00   0.0000E+00
   2.8321E+00   0.0000E+00
   2.8324E+00   0.0000E+00
   2.8330E+00   0.0000E+00
   2.8339E+00   0.0000E+00
   2.8355E+00   0.0000E+00
   2.8365E+00   0.0000E+00
   2.8375E+00   0.0000E+00
   2.8394E+00   0.0000E+00
   2.8426E+00   0.0000E+00
   2.8481E+00   0.0000E+00
   2.8556E+00   0.0000E+00
   2.8631E+00   0.0000E+00
   2.8632E+00   0.0000E+00
   2.8633E+00   0.0000E+00
   2.8633E+00   0.0000E+00
   2.8633E+00   0.0000E+00
   2.8633E+00   0.0000E+00
   2.8633E+00   0.0000E+00
   2.8633E+00   0.0000E+00
   2.8633E+00   0.0000E+00
   2.8633E+00   0.0000E+00
   2.8633E+00   0.0000E+00
   2.8634E+00   0.0000E+00
   2.8634E+00   0.0000E+00
   2.8634E+00   0.0000E+00
   2.8635E+00   0.0000E+00
   2.8635E+00   0.0000E+00
   2.8635E+00   0.0000E+00
   2.8636E+00   0.0000E+00
   2.8636E+00   0.0000E+00
   2.8636E+00   0.0000E+00
   2.8636E+00   0.0000E+00
   2.8636E+00   0.0000E+00
   2.8636E+00   0.0000E+00
   2.8636E+00   0.0000E+00
   2.8637E+00   0.0000E+00
   2.8637E+00   0.0000E+00
   2.8638E+00   0.0000E+00
   2.8639E+00   0.0000E+00
   2.8641E+00   0.0000E+00
   2.8644E+00   0.0000E+00
   2.8647E+00   0.0000E+00
   2.8650E+00   0.0000E+00
   2.8652E+00   0.0000E+00
   2.8654E+00   0.0000E+00
   2.8659E+00   0.0000E+00
   2.8662E+00   0.0000E+00
   2.8664E+00   0.0000E+00
   2.8668E+00   0.0000E+00
   2.8672E+00   0.0000E+00
   2.8677E+00   0.0000E+00
   2.8684E+00   0.0000E+00
   2.8689E+00   0.0000E+00
   2.8690E+00   0.0000E+00
   2.8691E+00   0.0000E+00
   2.8692E+00   0.0000E+00
   2.8693E+00   0.0000E+00
   2.8693E+00   0.0000E+00
   2.8694E+00   0.0000E+00
   2.8695E+00   0.0000E+00
   2.8696E+00   0.0000E+00
   2.8696E+00   0.0000E+00
   2.8696E+00   0.0000E+00
   2.8696E+00   0.0000E+00
   2.8697E+00   0.0000E+00
   2.8697E+00   0.0000E+00
   2.8698E+00   0.0000E+00
   2.8698E+00   0.0000E+00
   2.8698E+00   0.0000E+00
   2.8698E+00   0.0000E+00
   2.8698E+00   0.0000E+00
   2.8698E+00   0.0000E+00
   2.8699E+00   0.0000E+00
   2.8699E+00   0.0000E+00
   2.8699E+00   0.0000E+00
   2.8699E+00   0.0000E+00
   2.8699E+00   0.0000E+00
   2.8699E+00   0.0000E+00
   2.8699E+00   0.0000E+00
   2.8699E+00   0.0000E+00
   2.8700E+00   0.0000E+00
   2.8700E+00   0.0000E+00
   2.8701E+00   0.0000E+00
   2.8703E+00   0.0000E+00
   2.8706E+00   0.0000E+00
   2.8710E+00   0.0000E+00
   2.8719E+00   0.0000E+00
   2.8730E+00   0.0000E+00
   2.8736E+00   0.0000E+00
   2.8747E+00   0.0000E+00
   2.8747E+00   0.0000E+00
   2.8747E+00   0.0000E+00
   2.8747E+00   0.0000E+00
   2.8747E+00   0.0000E+00
   2.8747E+00   0.0000E+00
   2.8747E+00   0.0000E+00
   2.8747E+00   0.0000E+00
   2.8748E+00   0.0000E+00
   2.8748E+00   0.0000E+00
   2.8748E+00   0.0000E+00
   2.8748E+00   0.0000E+00
   2.8748E+00   0.0000E+00
   2.8748E+00   0.0000E+00
   2.8749E+00   0.0000E+00
   2.8749E+00   0.0000E+00
   2.8749E+00   0.0000E+00
   2.8750E+00   0.0000E+00
   2.8750E+00   0.0000E+00
   2.8751E+00   0.0000E+00
   2.8752E+00   0.0000E+00
   2.8754E+00   0.0000E+00
   2.8758E+00   0.0000E+00
   2.8764E+00   0.0000E+00
   2.8768E+00   0.0000E+00
   2.8774E+00   0.0000E+00
   2.8782E+00   0.0000E+00
   2.8797E+00   0.0000E+00
   2.8822E+00   0.0000E+00
   2.8866E+00   0.0000E+00
   2.8866E+00   0.0000E+00
   2.8866E+00   0.0000E+00
   2.8866E+00   0.0000E+00
   2.8866E+00   0.0000E+00
   2.8866E+00   0.0000E+00
   2.8866E+00   0.0000E+00
   2.8867E+00   0.0000E+00
   2.8867E+00   0.0000E+00
   2.8867E+00   0.0000E+00
   2.8867E+00   0.0000E+00
   2.8867E+00   0.0000E+00
   2.8867E+00   0.0000E+00
   2.8868E+00   0.0000E+00
   2.8868E+00   0.0000E+00
   2.8869E+00   0.0000E+00
   2.8870E+00   0.0000E+00
   2.8870E+00   0.0000E+00
   2.8871E+00   0.0000E+00
   2.8871E+00   0.0000E+00
   2.8871E+00   0.0000E+00
   2.8872E+00   0.0000E+00
   2.8873E+00   0.0000E+00
   2.8874E+00   0.0000E+00
   2.8877E+00   0.0000E+00
   2.8877E+00   0.0000E+00
   2.8877E+00   0.0000E+00
   2.8878E+00   0.0000E+00
   2.8878E+00   0.0000E+00
   2.8878E+00   0.0000E+00
   2.8878E+00   0.0000E+00
   2.8878E+00   0.0000E+00
   2.8878E+00   0.0000E+00
   2.8878E+00   0.0000E+00
   2.8878E+00   0.0000E+00
   2.8878E+00   0.0000E+00
   2.8878E+00   0.0000E+00
   2.8878E+00   0.0000E+00
   2.8878E+00   0.0000E+00
   2.8878E+00   0.0000E+00
   2.8879E+00   0.0000E+00
   2.8879E+00   0.0000E+00
   2.8879E+00   0.0000E+00
   2.8879E+00   0.0000E+00
   2.8880E+00   0.0000E+00
   2.8880E+00   0.0000E+00
   2.8881E+00   0.0000E+00
   2.8883E+00   0.0000E+00
   2.8886E+00   0.0000E+00
   2.8892E+00   0.0000E+00
   2.8901E+00   0.0000E+00
   2.8917E+00   0.0000E+00
   2.8945E+00   0.0000E+00
   2.8976E+00   0.0000E+00
   2.8982E+00   0.0000E+00
   2.8987E+00   0.0000E+00
   2.8995E+00   0.0000E+00
   2.9009E+00   0.0000E+00
   2.9034E+00   0.0000E+00
   2.9048E+00   0.0000E+00
   2.9072E+00   0.0000E+00
   2.9114E+00   0.0000E+00
   2.9158E+00   0.0000E+00
   2.9181E+00   0.0000E+00
   2.9216E+00   0.0000E+00
   2.9220E+00   0.0000E+00
   2.9223E+00   0.0000E+00
   2.9223E+00   0.0000E+00
   2.9223E+00   0.0000E+00
   2.9223E+00   0.0000E+00
   2.9223E+00   0.0000E+00
   2.9223E+00   0.0000E+00
   2.9224E+00   0.0000E+00
   2.9224E+00   0.0000E+00
   2.9224E+00   0.0000E+00
   2.9224E+00   0.0000E+00
   2.9224E+00   0.0000E+00
   2.9225E+00   0.0000E+00
   2.9225E+00   0.0000E+00
   2.9226E+00   0.0000E+00
   2.9226E+00   0.0000E+00
   2.9226E+00   0.0000E+00
   2.9226E+00   0.0000E+00
   2.9227E+00   0.0000E+00
   2.9227E+00   0.0000E+00
   2.9227E+00   0.0000E+00
   2.9228E+00   0.0000E+00
   2.9228E+00   0.0000E+00
   2.9229E+00   0.0000E+00
   2.9229E+00   0.0000E+00
   2.9229E+00   0.0000E+00
   2.9229E+00   0.0000E+00
   2.9229E+00   0.0000E+00
   2.9229E+00   0.0000E+00
   2.9229E+00   0.0000E+00
   2.9229E+00   0.0000E+00
   2.9229E+00   0.0000E+00
   2.9229E+00   0.0000E+00
   2.9229E+00   0.0000E+00
   2.9229E+00   0.0000E+00
   2.9229E+00   0.0000E+00
   2.9229E+00   0.0000E+00
   2.9229E+00   0.0000E+00
   2.9230E+00   0.0000E+00
   2.9230E+00   0.0000E+00
   2.9231E+00   0.0000E+00
   2.9232E+00   0.0000E+00
   2.9233E+00   0.0000E+00
   2.9235E+00   0.0000E+00
   2.9239E+00   0.0000E+00
   2.9245E+00   0.0000E+00
   2.9245E+00   0.0000E+00
   2.9245E+00   0.0000E+00
   2.9245E+00   0.0000E+00
   2.9245E+00   0.0000E+00
   2.9245E+00   0.0000E+00
   2.9245E+00   0.0000E+00
   2.9245E+00   0.0000E+00
   2.9245E+00   0.0000E+00
   2.9245E+00   0.0000E+00
   2.9245E+00   0.0000E+00
   2.9245E+00   0.0000E+00
   2.9245E+00   0.0000E+00
   2.9245E+00   0.0000E+00
   2.9245E+00   0.0000E+00
   2.9245E+00   0.0000E+00
   2.9245E+00   0.0000E+00
   2.9245E+00   0.0000E+00
   2.9245E+00   0.0000E+00
   2.9245E+00   0.0000E+00
   2.9245E+00   0.0000E+00
   2.9245E+00   0.0000E+00
   2.9245E+00   0.0000E+00
   2.9246E+00   0.0000E+00
   2.9246E+00   0.0000E+00
   2.9247E+00   0.0000E+00
   2.9248E+00   0.0000E+00
   2.9250E+00   0.0000E+00
   2.9252E+00   0.0000E+00
   2.9252E+00   0.0000E+00
   2.9252E+00   0.0000E+00
   2.9253E+00   0.0000E+00
   2.9253E+00   0.0000E+00
   2.9253E+00   0.0000E+00
   2.9254E+00   0.0000E+00
   2.9254E+00   0.0000E+00
   2.9256E+00   0.0000E+00
   2.9258E+00   0.0000E+00
   2.9262E+00   0.0000E+00
   2.9269E+00   0.0000E+00
   2.9275E+00   0.0000E+00
   2.9283E+00   0.0000E+00
   2.9294E+00   0.0000E+00
   2.9300E+00   0.0000E+00
   2.9311E+00   0.0000E+00
   2.9330E+00   0.0000E+00
   2.9340E+00   0.0000E+00
   2.9353E+00   0.0000E+00
   2.9373E+00   0.0000E+00
   2.9402E+00   0.0000E+00
   2.9454E+00   0.0000E+00
   2.9529E+00   0.0000E+00
   2.9530E+00   0.0000E+00
   2.9531E+00   0.0000E+00
   2.9532E+00   0.0000E+00
   2.9535E+00   0.0000E+00
   2.9536E+00   0.0000E+00
   2.9537E+00   0.0000E+00
   2.9537E+00   0.0000E+00
   2.9538E+00   0.0000E+00
   2.9538E+00   0.0000E+00
   2.9539E+00   0.0000E+00
   2.9541E+00   0.0000E+00
   2.9544E+00   0.0000E+00
   2.9549E+00   0.0000E+00
   2.9558E+00   0.0000E+00
   2.9560E+00   0.0000E+00
   2.9562E+00   0.0000E+00
   2.9562E+00   0.0000E+00
   2.9562E+00   0.0000E+00
   2.9562E+00   0.0000E+00
   2.9562E+00   0.0000E+00
   2.9562E+00   0.0000E+00
   2.9562E+00   0.0000E+00
   2.9562E+00   0.0000E+00
   2.9562E+00   0.0000E+00
   2.9562E+00   0.0000E+00
   2.9562E+00   0.0000E+00
   2.9562E+00   0.0000E+00
   2.9562E+00   0.0000E+00
   2.9562E+00   0.0000E+00
   2.9562E+00   0.0000E+00
   2.9562E+00   0.0000E+00
   2.9562E+00   0.0000E+00
   2.9562E+00   0.0000E+00
   2.9562E+00   0.0000E+00
   2.9562E+00   0.0000E+00
   2.9562E+00   0.0000E+00
   2.9562E+00   0.0000E+00
   2.9562E+00   0.0000E+00
   2.9562E+00   0.0000E+00
   2.9563E+00   0.0000E+00
   2.9563E+00   0.0000E+00
   2.9563E+00   0.0000E+00
   2.9563E+00   0.0000E+00
   2.9563E+00   0.0000E+00
   2.9563E+00   0.0000E+00
   2.9564E+00   0.0000E+00
   2.9564E+00   0.0000E+00
   2.9565E+00   0.0000E+00
   2.9567E+00   0.0000E+00
   2.9570E+00   0.0000E+00
   2.9574E+00   0.0000E+00
   2.9582E+00   0.0000E+00
   2.9583E+00   0.0000E+00
   2.9586E+00   0.0000E+00
   2.9587E+00   0.0000E+00
   2.9587E+00   0.0000E+00
   2.9588E+00   0.0000E+00
   2.9590E+00   0.0000E+00
   2.9591E+00   0.0000E+00
   2.9591E+00   0.0000E+00
   2.9591E+00   0.0000E+00
   2.9592E+00   0.0000E+00
   2.9593E+00   0.0000E+00
   2.9594E+00   0.0000E+00
   2.9597E+00   0.0000E+00
   2.9602E+00   0.0000E+00
   2.9610E+00   0.0000E+00
   2.9625E+00   0.0000E+00
   2.9650E+00   0.0000E+00
   2.9655E+00   0.0000E+00
   2.9659E+00   0.0000E+00
   2.9659E+00   0.0000E+00
   2.9659E+00   0.0000E+00
   2.9659E+00   0.0000E+00
   2.9659E+00   0.0000E+00
   2.9659E+00   0.0000E+00
   2.9659E+00   0.0000E+00
   2.9660E+00   0.0000E+00
   2.9660E+00   0.0000E+00
   2.9660E+00   0.0000E+00
   2.9660E+00   0.0000E+00
   2.9660E+00   0.0000E+00
   2.9661E+00   0.0000E+00
   2.9661E+00   0.0000E+00
   2.9661E+00   0.0000E+00
   2.9661E+00   0.0000E+00
   2.9661E+00   0.0000E+00
   2.9661E+00   0.0000E+00
   2.9662E+00   0.0000E+00
   2.9662E+00   0.0000E+00
   2.9663E+00   0.0000E+00
   2.9665E+00   0.0000E+00
   2.9669E+00   0.0000E+00
   2.9674E+00   0.0000E+00
   2.9674E+00   0.0000E+00
   2.9674E+00   0.0000E+00
   2.9674E+00   0.0000E+00
   2.9674E+00   0.0000E+00
   2.9674E+00   0.0000E+00
   2.9674E+00   0.0000E+00
   2.9674E+00   0.0000E+00
   2.9674E+00   0.0000E+00
   2.9674E+00   0.0000E+00
   2.9674E+00   0.0000E+00
   2.9674E+00   0.0000E+00
   2.9674E+00   0.0000E+00
   2.9674E+00   0.0000E+00
   2.9674E+00   0.0000E+00
   2.9674E+00   0.0000E+00
   2.9674E+00   0.0000E+00
   2.9674E+00   0.0000E+00
   2.9674E+00   0.0000E+00
   2.9674E+00   0.0000E+00
   2.9674E+00   0.0000E+00
   2.9675E+00   0.0000E+00
   2.9675E+00   0.0000E+00
   2.9676E+00   0.0000E+00
   2.9677E+00   0.0000E+00
   2.9678E+00   0.0000E+00
   2.9681E+00   0.0000E+00
   2.9684E+00   0.0000E+00
   2.9688E+00   0.0000E+00
   2.9694E+00   0.0000E+00
   2.9704E+00   0.0000E+00
   2.9721E+00   0.0000E+00
   2.9751E+00   0.0000E+00
   2.9786E+00   0.0000E+00
   2.9833E+00   0.0000E+00
   2.9908E+00   0.0000E+00
   2.9909E+00   0.0000E+00
   2.9911E+00   0.0000E+00
   2.9911E+00   0.0000E+00
   2.9911E+00   0.0000E+00
   2.9911E+00   0.0000E+00
   2.9911E+00   0.0000E+00
   2.9911E+00   0.0000E+00
   2.9911E+00   0.0000E+00
   2.9911E+00   0.0000E+00
   2.9911E+00   0.0000E+00
   2.9911E+00   0.0000E+00
   2.9911E+00   0.0000E+00
   2.9911E+00   0.0000E+00
   2.9911E+00   0.0000E+00
   2.9911E+00   0.0000E+00
   2.9911E+00   0.0000E+00
   2.9911E+00   0.0000E+00
   2.9911E+00   0.0000E+00
   2.9912E+00   0.0000E+00
   2.9912E+00   0.0000E+00
   2.9912E+00   0.0000E+00
   2.9913E+00   0.0000E+00
   2.9913E+00   0.0000E+00
   2.9913E+00   0.0000E+00
   2.9913E+00   0.0000E+00
   2.9914E+00   0.0000E+00
   2.9915E+00   0.0000E+00
   2.9915E+00   0.0000E+00
   2.9916E+00   0.0000E+00
   2.9916E+00   0.0000E+00
   2.9917E+00   0.0000E+00
   2.9917E+00   0.0000E+00
   2.9918E+00   0.0000E+00
   2.9918E+00   0.0000E+00
   2.9918E+00   0.0000E+00
   2.9918E+00   0.0000E+00
   2.9918E+00   0.0000E+00
   2.9918E+00   0.0000E+00
   2.9918E+00   0.0000E+00
   2.9919E+00   0.0000E+00
   2.9919E+00   0.0000E+00
   2.9920E+00   0.0000E+00
   2.9920E+00   0.0000E+00
   2.9921E+00   0.0000E+00
   2.9923E+00   0.0000E+00
   2.9927E+00   0.0000E+00
   2.9933E+00   0.0000E+00
   2.9936E+00   0.0000E+00
   2.9938E+00   0.0000E+00
   2.9938E+00   0.0000E+00
   2.9938E+00   0.0000E+00
   2.9938E+00   0.0000E+00
   2.9938E+00   0.0000E+00
   2.9938E+00   0.0000E+00
   2.9938E+00   0.0000E+00
   2.9939E+00   0.0000E+00
   2.9939E+00   0.0000E+00
   2.9939E+00   0.0000E+00
   2.9939E+00   0.0000E+00
   2.9939E+00   0.0000E+00
   2.9939E+00   0.0000E+00
   2.9939E+00   0.0000E+00
   2.9939E+00   0.0000E+00
   2.9939E+00   0.0000E+00
   2.9939E+00   0.0000E+00
   2.9939E+00   0.0000E+00
   2.9939E+00   0.0000E+00
   2.9940E+00   0.0000E+00
   2.9941E+00   0.0000E+00
   2.9942E+00   0.0000E+00
   2.9943E+00   0.0000E+00
   2.9943E+00   0.0000E+00
   2.9944E+00   0.0000E+00
   2.9945E+00   0.0000E+00
   2.9945E+00   0.0000E+00
   2.9945E+00   0.0000E+00
   2.9945E+00   0.0000E+00
   2.9945E+00   0.0000E+00
   2.9946E+00   0.0000E+00
   2.9946E+00   0.0000E+00
   2.9947E+00   0.0000E+00
   2.9948E+00   0.0000E+00
   2.9950E+00   0.0000E+00
   2.9951E+00   0.0000E+00
   2.9951E+00   0.0000E+00
   2.9951E+00   0.0000E+00
   2.9952E+00   0.0000E+00
   2.9952E+00   0.0000E+00
   2.9952E+00   0.0000E+00
   2.9952E+00   0.0000E+00
   2.9952E+00   0.0000E+00
   2.9952E+00   0.0000E+00
   2.9952E+00   0.0000E+00
   2.9952E+00   0.0000E+00
   2.9952E+00   0.0000E+00
   2.9952E+00   0.0000E+00
   2.9952E+00   0.0000E+00
   2.9953E+00   0.0000E+00
   2.9953E+00   0.0000E+00
   2.9953E+00   0.0000E+00
   2.9953E+00   0.0000E+00
   2.9953E+00   0.0000E+00
   2.9953E+00   0.0000E+00
   2.9953E+00   0.0000E+00
   2.9954E+00   0.0000E+00
   2.9955E+00   0.0000E+00
   2.9957E+00   0.0000E+00
   2.9960E+00   0.0000E+00
