# Trace from filein = ./62270a01                                                                                                                   
#   time        WTOT                                                                                                                         
   2.0000E+00   1.5888E-02
   2.0000E+00   1.5906E-02
   2.0000E+00   1.5928E-02
   2.0001E+00   1.5952E-02
   2.0001E+00   1.5979E-02
   2.0001E+00   1.6006E-02
   2.0001E+00   1.6035E-02
   2.0001E+00   1.6065E-02
   2.0001E+00   1.6096E-02
   2.0001E+00   1.6127E-02
   2.0001E+00   1.6159E-02
   2.0002E+00   1.6191E-02
   2.0002E+00   1.6223E-02
   2.0002E+00   1.6256E-02
   2.0002E+00   1.6289E-02
   2.0002E+00   1.6325E-02
   2.0002E+00   1.6363E-02
   2.0003E+00   1.6406E-02
   2.0003E+00   1.6455E-02
   2.0003E+00   1.6517E-02
   2.0003E+00   1.6603E-02
   2.0004E+00   1.6723E-02
   2.0005E+00   1.6850E-02
   2.0006E+00   1.6939E-02
   2.0007E+00   1.6975E-02
   2.0007E+00   1.6985E-02
   2.0008E+00   1.6994E-02
   2.0008E+00   1.7007E-02
   2.0009E+00   1.7026E-02
   2.0009E+00   1.7050E-02
   2.0010E+00   1.7079E-02
   2.0011E+00   1.7116E-02
   2.0011E+00   1.7159E-02
   2.0013E+00   1.7209E-02
   2.0014E+00   1.7264E-02
   2.0015E+00   1.7322E-02
   2.0017E+00   1.7386E-02
   2.0018E+00   1.7455E-02
   2.0020E+00   1.7529E-02
   2.0022E+00   1.7603E-02
   2.0024E+00   1.7693E-02
   2.0026E+00   1.7777E-02
   2.0028E+00   1.7847E-02
   2.0030E+00   1.7902E-02
   2.0031E+00   1.7945E-02
   2.0032E+00   1.7980E-02
   2.0033E+00   1.8014E-02
   2.0034E+00   1.8049E-02
   2.0035E+00   1.8089E-02
   2.0036E+00   1.8136E-02
   2.0038E+00   1.8189E-02
   2.0040E+00   1.8246E-02
   2.0041E+00   1.8302E-02
   2.0043E+00   1.8349E-02
   2.0044E+00   1.8388E-02
   2.0045E+00   1.8433E-02
   2.0047E+00   1.8484E-02
   2.0049E+00   1.8559E-02
   2.0053E+00   1.8682E-02
   2.0060E+00   1.8886E-02
   2.0072E+00   1.9228E-02
   2.0083E+00   1.9533E-02
   2.0099E+00   1.9933E-02
   2.0126E+00   2.0551E-02
   2.0172E+00   2.1415E-02
   2.0237E+00   2.2422E-02
   2.0312E+00   2.3352E-02
   2.0387E+00   2.4102E-02
   2.0462E+00   2.4713E-02
   2.0537E+00   2.5194E-02
   2.0593E+00   2.5501E-02
   2.0668E+00   2.5805E-02
   2.0742E+00   2.6052E-02
   2.0817E+00   2.6268E-02
   2.0893E+00   2.6428E-02
   2.0968E+00   2.6559E-02
   2.1036E+00   2.6656E-02
   2.1106E+00   2.6737E-02
   2.1181E+00   2.6809E-02
   2.1256E+00   2.6867E-02
   2.1266E+00   2.6907E-02
   2.1284E+00   2.6968E-02
   2.1288E+00   2.6986E-02
   2.1293E+00   2.7004E-02
   2.1295E+00   2.7009E-02
   2.1296E+00   2.7014E-02
   2.1297E+00   2.7017E-02
   2.1298E+00   2.7021E-02
   2.1300E+00   2.7029E-02
   2.1304E+00   2.7042E-02
   2.1311E+00   2.7061E-02
   2.1321E+00   2.7098E-02
   2.1340E+00   2.7147E-02
   2.1373E+00   2.7224E-02
   2.1430E+00   2.7340E-02
   2.1505E+00   2.7470E-02
   2.1580E+00   2.7597E-02
   2.1655E+00   2.7720E-02
   2.1730E+00   2.7784E-02
   2.1805E+00   2.7839E-02
   2.1880E+00   2.7985E-02
   2.1955E+00   2.8116E-02
   2.2030E+00   2.8234E-02
   2.2105E+00   2.8338E-02
   2.2180E+00   2.8430E-02
   2.2255E+00   2.8509E-02
   2.2330E+00   2.8579E-02
   2.2405E+00   2.8640E-02
   2.2480E+00   2.8693E-02
   2.2555E+00   2.8740E-02
   2.2630E+00   2.8781E-02
   2.2705E+00   2.8818E-02
   2.2780E+00   2.8851E-02
   2.2855E+00   2.8881E-02
   2.2930E+00   2.8908E-02
   2.3005E+00   2.8932E-02
   2.3080E+00   2.8955E-02
   2.3155E+00   2.8975E-02
   2.3230E+00   2.8995E-02
   2.3305E+00   2.9012E-02
   2.3380E+00   2.9045E-02
   2.3439E+00   2.9075E-02
   2.3514E+00   2.9105E-02
   2.3589E+00   2.9130E-02
   2.3664E+00   2.9152E-02
   2.3739E+00   2.9170E-02
   2.3814E+00   2.9187E-02
   2.3889E+00   2.9204E-02
   2.3964E+00   2.9221E-02
   2.4039E+00   2.9238E-02
   2.4114E+00   2.9257E-02
   2.4189E+00   2.9277E-02
   2.4264E+00   2.9297E-02
   2.4339E+00   2.9316E-02
   2.4414E+00   2.9335E-02
   2.4489E+00   2.9353E-02
   2.4564E+00   2.9370E-02
   2.4639E+00   2.9386E-02
   2.4714E+00   2.9402E-02
   2.4789E+00   2.9416E-02
   2.4864E+00   2.9491E-02
   2.4910E+00   2.9540E-02
   2.4941E+00   2.9578E-02
   2.4964E+00   2.9611E-02
   2.4989E+00   2.9647E-02
   2.5008E+00   2.9678E-02
   2.5008E+00   2.9678E-02
   2.5008E+00   2.9678E-02
   2.5008E+00   2.9679E-02
   2.5008E+00   2.9679E-02
   2.5008E+00   2.9679E-02
   2.5008E+00   2.9679E-02
   2.5008E+00   2.9679E-02
   2.5008E+00   2.9679E-02
   2.5008E+00   2.9679E-02
   2.5008E+00   2.9679E-02
   2.5008E+00   2.9679E-02
   2.5008E+00   2.9679E-02
   2.5008E+00   2.9679E-02
   2.5008E+00   2.9680E-02
   2.5008E+00   2.9681E-02
   2.5009E+00   2.9683E-02
   2.5010E+00   2.9686E-02
   2.5012E+00   2.9690E-02
   2.5013E+00   2.9695E-02
   2.5015E+00   2.9700E-02
   2.5018E+00   2.9706E-02
   2.5018E+00   2.9707E-02
   2.5019E+00   2.9708E-02
   2.5019E+00   2.9708E-02
   2.5020E+00   2.9709E-02
   2.5020E+00   2.9711E-02
   2.5021E+00   2.9714E-02
   2.5024E+00   2.9718E-02
   2.5027E+00   2.9726E-02
   2.5034E+00   2.9739E-02
   2.5043E+00   2.9759E-02
   2.5055E+00   2.9778E-02
   2.5069E+00   2.9798E-02
   2.5083E+00   2.9817E-02
   2.5104E+00   2.9806E-02
   2.5131E+00   2.9792E-02
   2.5159E+00   2.9780E-02
   2.5177E+00   2.9771E-02
   2.5190E+00   2.9766E-02
   2.5201E+00   2.9763E-02
   2.5205E+00   2.9762E-02
   2.5213E+00   2.9762E-02
   2.5225E+00   2.9763E-02
   2.5241E+00   2.9766E-02
   2.5249E+00   2.9767E-02
   2.5264E+00   2.9770E-02
   2.5284E+00   2.9773E-02
   2.5284E+00   2.9773E-02
   2.5284E+00   2.9773E-02
   2.5284E+00   2.9773E-02
   2.5284E+00   2.9773E-02
   2.5284E+00   2.9773E-02
   2.5284E+00   2.9773E-02
   2.5284E+00   2.9773E-02
   2.5284E+00   2.9773E-02
   2.5284E+00   2.9773E-02
   2.5284E+00   2.9773E-02
   2.5284E+00   2.9773E-02
   2.5284E+00   2.9773E-02
   2.5285E+00   2.9774E-02
   2.5285E+00   2.9774E-02
   2.5286E+00   2.9775E-02
   2.5287E+00   2.9775E-02
   2.5289E+00   2.9777E-02
   2.5290E+00   2.9778E-02
   2.5292E+00   2.9779E-02
   2.5292E+00   2.9779E-02
   2.5293E+00   2.9780E-02
   2.5293E+00   2.9780E-02
   2.5293E+00   2.9780E-02
   2.5293E+00   2.9780E-02
   2.5294E+00   2.9780E-02
   2.5294E+00   2.9780E-02
   2.5294E+00   2.9780E-02
   2.5294E+00   2.9780E-02
   2.5294E+00   2.9780E-02
   2.5294E+00   2.9780E-02
   2.5294E+00   2.9781E-02
   2.5294E+00   2.9781E-02
   2.5295E+00   2.9782E-02
   2.5295E+00   2.9783E-02
   2.5296E+00   2.9784E-02
   2.5297E+00   2.9787E-02
   2.5299E+00   2.9791E-02
   2.5302E+00   2.9796E-02
   2.5305E+00   2.9801E-02
   2.5308E+00   2.9808E-02
   2.5312E+00   2.9814E-02
   2.5315E+00   2.9822E-02
   2.5320E+00   2.9831E-02
   2.5326E+00   2.9842E-02
   2.5335E+00   2.9858E-02
   2.5351E+00   2.9885E-02
   2.5379E+00   2.9926E-02
   2.5426E+00   2.9987E-02
   2.5501E+00   3.0066E-02
   2.5576E+00   3.0141E-02
   2.5578E+00   3.0149E-02
   2.5578E+00   3.0150E-02
   2.5578E+00   3.0151E-02
   2.5578E+00   3.0152E-02
   2.5578E+00   3.0153E-02
   2.5578E+00   3.0154E-02
   2.5578E+00   3.0155E-02
   2.5578E+00   3.0156E-02
   2.5578E+00   3.0158E-02
   2.5578E+00   3.0160E-02
   2.5578E+00   3.0162E-02
   2.5578E+00   3.0165E-02
   2.5578E+00   3.0167E-02
   2.5578E+00   3.0170E-02
   2.5578E+00   3.0172E-02
   2.5578E+00   3.0173E-02
   2.5578E+00   3.0173E-02
   2.5579E+00   3.0173E-02
   2.5579E+00   3.0173E-02
   2.5579E+00   3.0173E-02
   2.5579E+00   3.0173E-02
   2.5579E+00   3.0174E-02
   2.5579E+00   3.0174E-02
   2.5580E+00   3.0175E-02
   2.5580E+00   3.0176E-02
   2.5580E+00   3.0178E-02
   2.5580E+00   3.0179E-02
   2.5580E+00   3.0179E-02
   2.5580E+00   3.0179E-02
   2.5580E+00   3.0179E-02
   2.5580E+00   3.0180E-02
   2.5581E+00   3.0182E-02
   2.5581E+00   3.0184E-02
   2.5582E+00   3.0188E-02
   2.5583E+00   3.0193E-02
   2.5584E+00   3.0198E-02
   2.5585E+00   3.0204E-02
   2.5586E+00   3.0212E-02
   2.5588E+00   3.0220E-02
   2.5590E+00   3.0231E-02
   2.5593E+00   3.0226E-02
   2.5599E+00   3.0218E-02
   2.5599E+00   3.0218E-02
   2.5600E+00   3.0217E-02
   2.5601E+00   3.0216E-02
   2.5602E+00   3.0215E-02
   2.5603E+00   3.0213E-02
   2.5605E+00   3.0211E-02
   2.5605E+00   3.0211E-02
   2.5605E+00   3.0211E-02
   2.5605E+00   3.0211E-02
   2.5605E+00   3.0211E-02
   2.5605E+00   3.0211E-02
   2.5606E+00   3.0210E-02
   2.5607E+00   3.0209E-02
   2.5608E+00   3.0207E-02
   2.5610E+00   3.0204E-02
   2.5614E+00   3.0198E-02
   2.5621E+00   3.0188E-02
   2.5633E+00   3.0171E-02
   2.5633E+00   3.0171E-02
   2.5633E+00   3.0171E-02
   2.5633E+00   3.0171E-02
   2.5633E+00   3.0171E-02
   2.5633E+00   3.0171E-02
   2.5633E+00   3.0171E-02
   2.5633E+00   3.0171E-02
   2.5633E+00   3.0171E-02
   2.5633E+00   3.0171E-02
   2.5633E+00   3.0171E-02
   2.5633E+00   3.0171E-02
   2.5634E+00   3.0172E-02
   2.5635E+00   3.0173E-02
   2.5636E+00   3.0175E-02
   2.5636E+00   3.0175E-02
   2.5636E+00   3.0176E-02
   2.5636E+00   3.0176E-02
   2.5636E+00   3.0176E-02
   2.5636E+00   3.0176E-02
   2.5637E+00   3.0176E-02
   2.5637E+00   3.0176E-02
   2.5637E+00   3.0177E-02
   2.5638E+00   3.0178E-02
   2.5638E+00   3.0181E-02
   2.5639E+00   3.0184E-02
   2.5640E+00   3.0188E-02
   2.5643E+00   3.0194E-02
   2.5646E+00   3.0205E-02
   2.5652E+00   3.0222E-02
   2.5663E+00   3.0249E-02
   2.5675E+00   3.0275E-02
   2.5677E+00   3.0280E-02
   2.5680E+00   3.0290E-02
   2.5686E+00   3.0304E-02
   2.5690E+00   3.0314E-02
   2.5695E+00   3.0328E-02
   2.5704E+00   3.0347E-02
   2.5719E+00   3.0377E-02
   2.5744E+00   3.0421E-02
   2.5788E+00   3.0484E-02
   2.5837E+00   3.0519E-02
   2.5838E+00   3.0522E-02
   2.5839E+00   3.0522E-02
   2.5839E+00   3.0523E-02
   2.5839E+00   3.0523E-02
   2.5840E+00   3.0523E-02
   2.5840E+00   3.0523E-02
   2.5840E+00   3.0523E-02
   2.5840E+00   3.0523E-02
   2.5840E+00   3.0523E-02
   2.5840E+00   3.0523E-02
   2.5840E+00   3.0523E-02
   2.5841E+00   3.0523E-02
   2.5842E+00   3.0523E-02
   2.5843E+00   3.0524E-02
   2.5844E+00   3.0526E-02
   2.5847E+00   3.0527E-02
   2.5849E+00   3.0529E-02
   2.5851E+00   3.0530E-02
   2.5853E+00   3.0532E-02
   2.5857E+00   3.0531E-02
   2.5859E+00   3.0531E-02
   2.5861E+00   3.0530E-02
   2.5865E+00   3.0530E-02
   2.5869E+00   3.0529E-02
   2.5869E+00   3.0529E-02
   2.5869E+00   3.0529E-02
   2.5869E+00   3.0529E-02
   2.5869E+00   3.0529E-02
   2.5869E+00   3.0529E-02
   2.5869E+00   3.0529E-02
   2.5869E+00   3.0529E-02
   2.5869E+00   3.0529E-02
   2.5869E+00   3.0529E-02
   2.5870E+00   3.0529E-02
   2.5870E+00   3.0529E-02
   2.5870E+00   3.0529E-02
   2.5870E+00   3.0529E-02
   2.5870E+00   3.0529E-02
   2.5870E+00   3.0529E-02
   2.5870E+00   3.0529E-02
   2.5870E+00   3.0529E-02
   2.5870E+00   3.0529E-02
   2.5870E+00   3.0529E-02
   2.5870E+00   3.0529E-02
   2.5870E+00   3.0529E-02
   2.5870E+00   3.0529E-02
   2.5870E+00   3.0529E-02
   2.5870E+00   3.0529E-02
   2.5870E+00   3.0529E-02
   2.5870E+00   3.0529E-02
   2.5870E+00   3.0529E-02
   2.5870E+00   3.0529E-02
   2.5870E+00   3.0529E-02
   2.5870E+00   3.0529E-02
   2.5870E+00   3.0530E-02
   2.5871E+00   3.0531E-02
   2.5872E+00   3.0533E-02
   2.5873E+00   3.0535E-02
   2.5874E+00   3.0539E-02
   2.5876E+00   3.0576E-02
   2.5879E+00   3.0617E-02
   2.5884E+00   3.0670E-02
   2.5884E+00   3.0672E-02
   2.5885E+00   3.0672E-02
   2.5885E+00   3.0672E-02
   2.5885E+00   3.0672E-02
   2.5885E+00   3.0672E-02
   2.5885E+00   3.0672E-02
   2.5886E+00   3.0672E-02
   2.5886E+00   3.0672E-02
   2.5886E+00   3.0672E-02
   2.5886E+00   3.0672E-02
   2.5886E+00   3.0672E-02
   2.5886E+00   3.0672E-02
   2.5887E+00   3.0672E-02
   2.5887E+00   3.0673E-02
   2.5888E+00   3.0677E-02
   2.5889E+00   3.0686E-02
   2.5890E+00   3.0698E-02
   2.5891E+00   3.0698E-02
   2.5892E+00   3.0699E-02
   2.5892E+00   3.0700E-02
   2.5893E+00   3.0700E-02
   2.5895E+00   3.0701E-02
   2.5898E+00   3.0703E-02
   2.5904E+00   3.0704E-02
   2.5913E+00   3.0703E-02
   2.5929E+00   3.0711E-02
   2.5957E+00   3.0693E-02
   2.6006E+00   3.0659E-02
   2.6077E+00   3.0670E-02
   2.6152E+00   3.0638E-02
   2.6227E+00   3.0528E-02
   2.6302E+00   3.0405E-02
   2.6377E+00   3.0318E-02
   2.6452E+00   3.0210E-02
   2.6527E+00   3.0047E-02
   2.6602E+00   2.9898E-02
   2.6677E+00   2.9762E-02
   2.6752E+00   2.9624E-02
   2.6753E+00   2.9623E-02
   2.6753E+00   2.9622E-02
   2.6753E+00   2.9622E-02
   2.6753E+00   2.9621E-02
   2.6753E+00   2.9621E-02
   2.6753E+00   2.9621E-02
   2.6753E+00   2.9621E-02
   2.6753E+00   2.9621E-02
   2.6753E+00   2.9621E-02
   2.6753E+00   2.9621E-02
   2.6753E+00   2.9621E-02
   2.6753E+00   2.9621E-02
   2.6753E+00   2.9621E-02
   2.6753E+00   2.9621E-02
   2.6753E+00   2.9621E-02
   2.6753E+00   2.9621E-02
   2.6753E+00   2.9621E-02
   2.6753E+00   2.9621E-02
   2.6753E+00   2.9621E-02
   2.6753E+00   2.9621E-02
   2.6753E+00   2.9621E-02
   2.6753E+00   2.9621E-02
   2.6753E+00   2.9621E-02
   2.6753E+00   2.9621E-02
   2.6753E+00   2.9621E-02
   2.6753E+00   2.9621E-02
   2.6753E+00   2.9621E-02
   2.6753E+00   2.9621E-02
   2.6753E+00   2.9621E-02
   2.6753E+00   2.9621E-02
   2.6753E+00   2.9621E-02
   2.6753E+00   2.9620E-02
   2.6753E+00   2.9620E-02
   2.6753E+00   2.9619E-02
   2.6753E+00   2.9618E-02
   2.6753E+00   2.9618E-02
   2.6753E+00   2.9617E-02
   2.6753E+00   2.9616E-02
   2.6753E+00   2.9615E-02
   2.6753E+00   2.9613E-02
   2.6753E+00   2.9611E-02
   2.6753E+00   2.9608E-02
   2.6753E+00   2.9606E-02
   2.6753E+00   2.9603E-02
   2.6753E+00   2.9600E-02
   2.6753E+00   2.9596E-02
   2.6753E+00   2.9593E-02
   2.6753E+00   2.9589E-02
   2.6754E+00   2.9587E-02
   2.6754E+00   2.9586E-02
   2.6754E+00   2.9587E-02
   2.6754E+00   2.9587E-02
   2.6755E+00   2.9587E-02
   2.6755E+00   2.9586E-02
   2.6755E+00   2.9586E-02
   2.6755E+00   2.9585E-02
   2.6755E+00   2.9585E-02
   2.6755E+00   2.9584E-02
   2.6756E+00   2.9584E-02
   2.6756E+00   2.9583E-02
   2.6756E+00   2.9583E-02
   2.6757E+00   2.9583E-02
   2.6757E+00   2.9583E-02
   2.6757E+00   2.9583E-02
   2.6757E+00   2.9583E-02
   2.6757E+00   2.9582E-02
   2.6757E+00   2.9582E-02
   2.6757E+00   2.9582E-02
   2.6757E+00   2.9582E-02
   2.6757E+00   2.9582E-02
   2.6757E+00   2.9582E-02
   2.6757E+00   2.9582E-02
   2.6757E+00   2.9582E-02
   2.6757E+00   2.9582E-02
   2.6757E+00   2.9582E-02
   2.6758E+00   2.9582E-02
   2.6758E+00   2.9582E-02
   2.6758E+00   2.9582E-02
   2.6758E+00   2.9582E-02
   2.6758E+00   2.9582E-02
   2.6758E+00   2.9582E-02
   2.6758E+00   2.9582E-02
   2.6758E+00   2.9582E-02
   2.6758E+00   2.9582E-02
   2.6758E+00   2.9582E-02
   2.6758E+00   2.9583E-02
   2.6758E+00   2.9583E-02
   2.6758E+00   2.9583E-02
   2.6758E+00   2.9583E-02
   2.6758E+00   2.9583E-02
   2.6759E+00   2.9583E-02
   2.6759E+00   2.9582E-02
   2.6759E+00   2.9582E-02
   2.6759E+00   2.9582E-02
   2.6760E+00   2.9582E-02
   2.6760E+00   2.9581E-02
   2.6760E+00   2.9581E-02
   2.6760E+00   2.9580E-02
   2.6760E+00   2.9580E-02
   2.6760E+00   2.9580E-02
   2.6760E+00   2.9580E-02
   2.6760E+00   2.9580E-02
   2.6761E+00   2.9580E-02
   2.6761E+00   2.9579E-02
   2.6761E+00   2.9579E-02
   2.6761E+00   2.9579E-02
   2.6761E+00   2.9579E-02
   2.6762E+00   2.9578E-02
   2.6762E+00   2.9578E-02
   2.6763E+00   2.9576E-02
   2.6764E+00   2.9574E-02
   2.6766E+00   2.9571E-02
   2.6769E+00   2.9568E-02
   2.6774E+00   2.9564E-02
   2.6780E+00   2.9558E-02
   2.6783E+00   2.9555E-02
   2.6787E+00   2.9553E-02
   2.6792E+00   2.9549E-02
   2.6800E+00   2.9546E-02
   2.6812E+00   2.9543E-02
   2.6832E+00   2.9543E-02
   2.6833E+00   2.9543E-02
   2.6834E+00   2.9543E-02
   2.6834E+00   2.9543E-02
   2.6834E+00   2.9543E-02
   2.6834E+00   2.9543E-02
   2.6834E+00   2.9543E-02
   2.6834E+00   2.9544E-02
   2.6834E+00   2.9544E-02
   2.6834E+00   2.9544E-02
   2.6834E+00   2.9544E-02
   2.6835E+00   2.9545E-02
   2.6835E+00   2.9545E-02
   2.6835E+00   2.9545E-02
   2.6835E+00   2.9545E-02
   2.6836E+00   2.9546E-02
   2.6836E+00   2.9547E-02
   2.6837E+00   2.9548E-02
   2.6837E+00   2.9550E-02
   2.6838E+00   2.9553E-02
   2.6839E+00   2.9555E-02
   2.6841E+00   2.9560E-02
   2.6844E+00   2.9566E-02
   2.6848E+00   2.9574E-02
   2.6853E+00   2.9585E-02
   2.6858E+00   2.9597E-02
   2.6867E+00   2.9614E-02
   2.6880E+00   2.9640E-02
   2.6880E+00   2.9641E-02
   2.6880E+00   2.9642E-02
   2.6880E+00   2.9644E-02
   2.6881E+00   2.9642E-02
   2.6881E+00   2.9642E-02
   2.6881E+00   2.9642E-02
   2.6881E+00   2.9641E-02
   2.6881E+00   2.9640E-02
   2.6881E+00   2.9639E-02
   2.6881E+00   2.9639E-02
   2.6881E+00   2.9639E-02
   2.6881E+00   2.9639E-02
   2.6881E+00   2.9639E-02
   2.6881E+00   2.9639E-02
   2.6881E+00   2.9639E-02
   2.6881E+00   2.9639E-02
   2.6881E+00   2.9638E-02
   2.6881E+00   2.9638E-02
   2.6881E+00   2.9638E-02
   2.6881E+00   2.9638E-02
   2.6881E+00   2.9638E-02
   2.6881E+00   2.9638E-02
   2.6881E+00   2.9638E-02
   2.6881E+00   2.9638E-02
   2.6881E+00   2.9638E-02
   2.6881E+00   2.9638E-02
   2.6881E+00   2.9638E-02
   2.6881E+00   2.9638E-02
   2.6881E+00   2.9638E-02
   2.6881E+00   2.9638E-02
   2.6881E+00   2.9638E-02
   2.6882E+00   2.9639E-02
   2.6882E+00   2.9639E-02
   2.6882E+00   2.9639E-02
   2.6882E+00   2.9639E-02
   2.6883E+00   2.9639E-02
   2.6883E+00   2.9639E-02
   2.6883E+00   2.9639E-02
   2.6883E+00   2.9639E-02
   2.6883E+00   2.9640E-02
   2.6884E+00   2.9640E-02
   2.6884E+00   2.9640E-02
   2.6885E+00   2.9641E-02
   2.6886E+00   2.9640E-02
   2.6887E+00   2.9639E-02
   2.6888E+00   2.9639E-02
   2.6889E+00   2.9638E-02
   2.6890E+00   2.9638E-02
   2.6892E+00   2.9637E-02
   2.6895E+00   2.9636E-02
   2.6898E+00   2.9635E-02
   2.6903E+00   2.9634E-02
   2.6909E+00   2.9634E-02
   2.6916E+00   2.9634E-02
   2.6916E+00   2.9634E-02
   2.6916E+00   2.9634E-02
   2.6916E+00   2.9634E-02
   2.6916E+00   2.9634E-02
   2.6916E+00   2.9634E-02
   2.6916E+00   2.9634E-02
   2.6916E+00   2.9634E-02
   2.6916E+00   2.9634E-02
   2.6916E+00   2.9634E-02
   2.6917E+00   2.9633E-02
   2.6917E+00   2.9633E-02
   2.6917E+00   2.9633E-02
   2.6917E+00   2.9633E-02
   2.6917E+00   2.9633E-02
   2.6917E+00   2.9633E-02
   2.6917E+00   2.9633E-02
   2.6917E+00   2.9633E-02
   2.6917E+00   2.9633E-02
   2.6917E+00   2.9633E-02
   2.6917E+00   2.9633E-02
   2.6917E+00   2.9633E-02
   2.6917E+00   2.9633E-02
   2.6917E+00   2.9633E-02
   2.6917E+00   2.9633E-02
   2.6917E+00   2.9633E-02
   2.6917E+00   2.9633E-02
   2.6918E+00   2.9632E-02
   2.6918E+00   2.9632E-02
   2.6919E+00   2.9631E-02
   2.6921E+00   2.9635E-02
   2.6923E+00   2.9643E-02
   2.6923E+00   2.9643E-02
   2.6923E+00   2.9644E-02
   2.6924E+00   2.9645E-02
   2.6924E+00   2.9646E-02
   2.6924E+00   2.9647E-02
   2.6925E+00   2.9649E-02
   2.6925E+00   2.9652E-02
   2.6927E+00   2.9657E-02
   2.6929E+00   2.9666E-02
   2.6930E+00   2.9667E-02
   2.6930E+00   2.9668E-02
   2.6931E+00   2.9670E-02
   2.6932E+00   2.9674E-02
   2.6933E+00   2.9680E-02
   2.6936E+00   2.9689E-02
   2.6941E+00   2.9705E-02
   2.6950E+00   2.9731E-02
   2.6965E+00   2.9770E-02
   2.6992E+00   2.9808E-02
   2.7038E+00   2.9863E-02
   2.7113E+00   2.9934E-02
   2.7113E+00   2.9935E-02
   2.7113E+00   2.9935E-02
   2.7113E+00   2.9936E-02
   2.7113E+00   2.9936E-02
   2.7113E+00   2.9936E-02
   2.7113E+00   2.9937E-02
   2.7113E+00   2.9937E-02
   2.7113E+00   2.9938E-02
   2.7113E+00   2.9939E-02
   2.7113E+00   2.9941E-02
   2.7113E+00   2.9942E-02
   2.7113E+00   2.9944E-02
   2.7113E+00   2.9946E-02
   2.7113E+00   2.9949E-02
   2.7113E+00   2.9953E-02
   2.7113E+00   2.9957E-02
   2.7113E+00   2.9960E-02
   2.7113E+00   2.9960E-02
   2.7114E+00   2.9960E-02
   2.7114E+00   2.9960E-02
   2.7114E+00   2.9960E-02
   2.7114E+00   2.9959E-02
   2.7115E+00   2.9959E-02
   2.7115E+00   2.9959E-02
   2.7115E+00   2.9959E-02
   2.7115E+00   2.9959E-02
   2.7116E+00   2.9959E-02
   2.7116E+00   2.9959E-02
   2.7116E+00   2.9959E-02
   2.7116E+00   2.9959E-02
   2.7116E+00   2.9959E-02
   2.7117E+00   2.9959E-02
   2.7117E+00   2.9960E-02
   2.7117E+00   2.9960E-02
   2.7117E+00   2.9960E-02
   2.7117E+00   2.9960E-02
   2.7118E+00   2.9960E-02
   2.7118E+00   2.9959E-02
   2.7118E+00   2.9958E-02
   2.7119E+00   2.9957E-02
   2.7120E+00   2.9955E-02
   2.7121E+00   2.9953E-02
   2.7122E+00   2.9951E-02
   2.7123E+00   2.9948E-02
   2.7124E+00   2.9946E-02
   2.7125E+00   2.9945E-02
   2.7126E+00   2.9942E-02
   2.7129E+00   2.9937E-02
   2.7133E+00   2.9929E-02
   2.7140E+00   2.9916E-02
   2.7153E+00   2.9897E-02
   2.7176E+00   2.9868E-02
   2.7190E+00   2.9851E-02
   2.7208E+00   2.9831E-02
   2.7234E+00   2.9807E-02
   2.7274E+00   2.9778E-02
   2.7343E+00   2.9740E-02
   2.7343E+00   2.9741E-02
   2.7343E+00   2.9742E-02
   2.7343E+00   2.9742E-02
   2.7343E+00   2.9742E-02
   2.7343E+00   2.9742E-02
   2.7343E+00   2.9743E-02
   2.7343E+00   2.9743E-02
   2.7343E+00   2.9744E-02
   2.7343E+00   2.9745E-02
   2.7343E+00   2.9746E-02
   2.7343E+00   2.9747E-02
   2.7343E+00   2.9748E-02
   2.7343E+00   2.9749E-02
   2.7343E+00   2.9749E-02
   2.7343E+00   2.9749E-02
   2.7343E+00   2.9749E-02
   2.7343E+00   2.9749E-02
   2.7343E+00   2.9749E-02
   2.7343E+00   2.9749E-02
   2.7343E+00   2.9750E-02
   2.7343E+00   2.9750E-02
   2.7343E+00   2.9750E-02
   2.7344E+00   2.9750E-02
   2.7344E+00   2.9750E-02
   2.7344E+00   2.9750E-02
   2.7344E+00   2.9750E-02
   2.7344E+00   2.9750E-02
   2.7344E+00   2.9750E-02
   2.7344E+00   2.9750E-02
   2.7345E+00   2.9750E-02
   2.7345E+00   2.9750E-02
   2.7346E+00   2.9749E-02
   2.7347E+00   2.9749E-02
   2.7349E+00   2.9749E-02
   2.7352E+00   2.9749E-02
   2.7356E+00   2.9749E-02
   2.7364E+00   2.9750E-02
   2.7364E+00   2.9750E-02
   2.7364E+00   2.9750E-02
   2.7364E+00   2.9750E-02
   2.7364E+00   2.9751E-02
   2.7364E+00   2.9752E-02
   2.7364E+00   2.9752E-02
   2.7364E+00   2.9752E-02
   2.7364E+00   2.9752E-02
   2.7365E+00   2.9753E-02
   2.7365E+00   2.9754E-02
   2.7366E+00   2.9757E-02
   2.7368E+00   2.9763E-02
   2.7371E+00   2.9771E-02
   2.7376E+00   2.9785E-02
   2.7384E+00   2.9805E-02
   2.7384E+00   2.9806E-02
   2.7384E+00   2.9807E-02
   2.7384E+00   2.9807E-02
   2.7384E+00   2.9807E-02
   2.7384E+00   2.9807E-02
   2.7385E+00   2.9807E-02
   2.7385E+00   2.9808E-02
   2.7385E+00   2.9808E-02
   2.7385E+00   2.9808E-02
   2.7385E+00   2.9808E-02
   2.7385E+00   2.9809E-02
   2.7385E+00   2.9809E-02
   2.7385E+00   2.9810E-02
   2.7386E+00   2.9810E-02
   2.7386E+00   2.9810E-02
   2.7386E+00   2.9811E-02
   2.7386E+00   2.9811E-02
   2.7387E+00   2.9812E-02
   2.7388E+00   2.9814E-02
   2.7389E+00   2.9816E-02
   2.7392E+00   2.9821E-02
   2.7396E+00   2.9829E-02
   2.7396E+00   2.9830E-02
   2.7397E+00   2.9830E-02
   2.7397E+00   2.9831E-02
   2.7397E+00   2.9831E-02
   2.7397E+00   2.9832E-02
   2.7397E+00   2.9832E-02
   2.7397E+00   2.9832E-02
   2.7398E+00   2.9832E-02
   2.7398E+00   2.9832E-02
   2.7398E+00   2.9832E-02
   2.7399E+00   2.9832E-02
   2.7399E+00   2.9831E-02
   2.7400E+00   2.9831E-02
   2.7401E+00   2.9831E-02
   2.7403E+00   2.9830E-02
   2.7406E+00   2.9829E-02
   2.7412E+00   2.9828E-02
   2.7422E+00   2.9825E-02
   2.7440E+00   2.9821E-02
   2.7468E+00   2.9814E-02
   2.7516E+00   2.9802E-02
   2.7591E+00   2.9785E-02
   2.7666E+00   2.9775E-02
   2.7741E+00   2.9774E-02
   2.7816E+00   2.9779E-02
   2.7817E+00   2.9781E-02
   2.7817E+00   2.9781E-02
   2.7817E+00   2.9781E-02
   2.7817E+00   2.9781E-02
   2.7817E+00   2.9781E-02
   2.7817E+00   2.9781E-02
   2.7817E+00   2.9781E-02
   2.7817E+00   2.9781E-02
   2.7817E+00   2.9781E-02
   2.7817E+00   2.9781E-02
   2.7817E+00   2.9781E-02
   2.7817E+00   2.9781E-02
   2.7817E+00   2.9781E-02
   2.7817E+00   2.9781E-02
   2.7817E+00   2.9781E-02
   2.7817E+00   2.9781E-02
   2.7817E+00   2.9781E-02
   2.7817E+00   2.9781E-02
   2.7818E+00   2.9781E-02
   2.7818E+00   2.9781E-02
   2.7818E+00   2.9781E-02
   2.7819E+00   2.9781E-02
   2.7819E+00   2.9783E-02
   2.7819E+00   2.9785E-02
   2.7820E+00   2.9788E-02
   2.7821E+00   2.9791E-02
   2.7821E+00   2.9794E-02
   2.7821E+00   2.9794E-02
   2.7821E+00   2.9794E-02
   2.7821E+00   2.9794E-02
   2.7822E+00   2.9795E-02
   2.7822E+00   2.9796E-02
   2.7822E+00   2.9797E-02
   2.7822E+00   2.9797E-02
   2.7822E+00   2.9797E-02
   2.7822E+00   2.9797E-02
   2.7822E+00   2.9797E-02
   2.7822E+00   2.9797E-02
   2.7822E+00   2.9797E-02
   2.7822E+00   2.9797E-02
   2.7822E+00   2.9798E-02
   2.7822E+00   2.9798E-02
   2.7822E+00   2.9798E-02
   2.7822E+00   2.9798E-02
   2.7822E+00   2.9799E-02
   2.7823E+00   2.9800E-02
   2.7823E+00   2.9801E-02
   2.7824E+00   2.9804E-02
   2.7824E+00   2.9805E-02
   2.7824E+00   2.9805E-02
   2.7825E+00   2.9806E-02
   2.7825E+00   2.9806E-02
   2.7825E+00   2.9807E-02
   2.7825E+00   2.9807E-02
   2.7825E+00   2.9807E-02
   2.7825E+00   2.9807E-02
   2.7825E+00   2.9807E-02
   2.7825E+00   2.9807E-02
   2.7825E+00   2.9807E-02
   2.7825E+00   2.9807E-02
   2.7825E+00   2.9807E-02
   2.7825E+00   2.9807E-02
   2.7825E+00   2.9807E-02
   2.7825E+00   2.9807E-02
   2.7825E+00   2.9807E-02
   2.7826E+00   2.9807E-02
   2.7826E+00   2.9808E-02
   2.7826E+00   2.9808E-02
   2.7827E+00   2.9808E-02
   2.7828E+00   2.9808E-02
   2.7828E+00   2.9808E-02
   2.7828E+00   2.9808E-02
   2.7828E+00   2.9808E-02
   2.7829E+00   2.9808E-02
   2.7829E+00   2.9808E-02
   2.7830E+00   2.9808E-02
   2.7833E+00   2.9808E-02
   2.7836E+00   2.9808E-02
   2.7843E+00   2.9807E-02
   2.7854E+00   2.9803E-02
   2.7867E+00   2.9798E-02
   2.7890E+00   2.9787E-02
   2.7929E+00   2.9909E-02
   2.7961E+00   2.9995E-02
   2.8006E+00   3.0097E-02
   2.8081E+00   3.0230E-02
   2.8156E+00   3.0357E-02
   2.8231E+00   3.0479E-02
   2.8306E+00   3.0596E-02
   2.8307E+00   3.0598E-02
   2.8307E+00   3.0599E-02
   2.8307E+00   3.0601E-02
   2.8307E+00   3.0603E-02
   2.8307E+00   3.0605E-02
   2.8307E+00   3.0607E-02
   2.8307E+00   3.0607E-02
   2.8307E+00   3.0608E-02
   2.8307E+00   3.0609E-02
   2.8307E+00   3.0609E-02
   2.8307E+00   3.0610E-02
   2.8307E+00   3.0611E-02
   2.8307E+00   3.0613E-02
   2.8307E+00   3.0615E-02
   2.8307E+00   3.0616E-02
   2.8307E+00   3.0617E-02
   2.8307E+00   3.0618E-02
   2.8308E+00   3.0618E-02
   2.8308E+00   3.0618E-02
   2.8308E+00   3.0619E-02
   2.8308E+00   3.0621E-02
   2.8309E+00   3.0623E-02
   2.8310E+00   3.0626E-02
   2.8310E+00   3.0629E-02
   2.8311E+00   3.0632E-02
   2.8312E+00   3.0637E-02
   2.8312E+00   3.0641E-02
   2.8312E+00   3.0641E-02
   2.8312E+00   3.0641E-02
   2.8313E+00   3.0641E-02
   2.8313E+00   3.0642E-02
   2.8313E+00   3.0643E-02
   2.8313E+00   3.0644E-02
   2.8314E+00   3.0645E-02
   2.8314E+00   3.0647E-02
   2.8315E+00   3.0650E-02
   2.8315E+00   3.0654E-02
   2.8316E+00   3.0655E-02
   2.8317E+00   3.0658E-02
   2.8318E+00   3.0663E-02
   2.8319E+00   3.0668E-02
   2.8321E+00   3.0674E-02
   2.8324E+00   3.0686E-02
   2.8330E+00   3.0705E-02
   2.8339E+00   3.0734E-02
   2.8355E+00   3.0777E-02
   2.8365E+00   3.0802E-02
   2.8375E+00   3.0828E-02
   2.8394E+00   3.0875E-02
   2.8426E+00   3.0926E-02
   2.8481E+00   3.0997E-02
   2.8556E+00   3.1078E-02
   2.8631E+00   3.1145E-02
   2.8632E+00   3.1146E-02
   2.8633E+00   3.1145E-02
   2.8633E+00   3.1145E-02
   2.8633E+00   3.1145E-02
   2.8633E+00   3.1145E-02
   2.8633E+00   3.1145E-02
   2.8633E+00   3.1144E-02
   2.8633E+00   3.1144E-02
   2.8633E+00   3.1144E-02
   2.8633E+00   3.1144E-02
   2.8634E+00   3.1144E-02
   2.8634E+00   3.1144E-02
   2.8634E+00   3.1144E-02
   2.8635E+00   3.1144E-02
   2.8635E+00   3.1144E-02
   2.8635E+00   3.1144E-02
   2.8636E+00   3.1144E-02
   2.8636E+00   3.1144E-02
   2.8636E+00   3.1144E-02
   2.8636E+00   3.1144E-02
   2.8636E+00   3.1144E-02
   2.8636E+00   3.1144E-02
   2.8636E+00   3.1144E-02
   2.8637E+00   3.1144E-02
   2.8637E+00   3.1144E-02
   2.8638E+00   3.1143E-02
   2.8639E+00   3.1142E-02
   2.8641E+00   3.1141E-02
   2.8644E+00   3.1138E-02
   2.8647E+00   3.1135E-02
   2.8650E+00   3.1133E-02
   2.8652E+00   3.1132E-02
   2.8654E+00   3.1130E-02
   2.8659E+00   3.1128E-02
   2.8662E+00   3.1128E-02
   2.8664E+00   3.1127E-02
   2.8668E+00   3.1126E-02
   2.8672E+00   3.1125E-02
   2.8677E+00   3.1125E-02
   2.8684E+00   3.1125E-02
   2.8689E+00   3.1125E-02
   2.8690E+00   3.1125E-02
   2.8691E+00   3.1125E-02
   2.8692E+00   3.1125E-02
   2.8693E+00   3.1127E-02
   2.8693E+00   3.1129E-02
   2.8694E+00   3.1131E-02
   2.8695E+00   3.1134E-02
   2.8696E+00   3.1136E-02
   2.8696E+00   3.1137E-02
   2.8696E+00   3.1137E-02
   2.8696E+00   3.1138E-02
   2.8697E+00   3.1139E-02
   2.8697E+00   3.1141E-02
   2.8698E+00   3.1143E-02
   2.8698E+00   3.1143E-02
   2.8698E+00   3.1144E-02
   2.8698E+00   3.1144E-02
   2.8698E+00   3.1145E-02
   2.8698E+00   3.1145E-02
   2.8699E+00   3.1145E-02
   2.8699E+00   3.1145E-02
   2.8699E+00   3.1145E-02
   2.8699E+00   3.1145E-02
   2.8699E+00   3.1145E-02
   2.8699E+00   3.1145E-02
   2.8699E+00   3.1146E-02
   2.8699E+00   3.1146E-02
   2.8700E+00   3.1148E-02
   2.8700E+00   3.1149E-02
   2.8701E+00   3.1151E-02
   2.8703E+00   3.1155E-02
   2.8706E+00   3.1162E-02
   2.8710E+00   3.1172E-02
   2.8719E+00   3.1190E-02
   2.8730E+00   3.1211E-02
   2.8736E+00   3.1223E-02
   2.8747E+00   3.1242E-02
   2.8747E+00   3.1243E-02
   2.8747E+00   3.1242E-02
   2.8747E+00   3.1242E-02
   2.8747E+00   3.1242E-02
   2.8747E+00   3.1242E-02
   2.8747E+00   3.1242E-02
   2.8747E+00   3.1242E-02
   2.8748E+00   3.1242E-02
   2.8748E+00   3.1242E-02
   2.8748E+00   3.1242E-02
   2.8748E+00   3.1242E-02
   2.8748E+00   3.1242E-02
   2.8748E+00   3.1242E-02
   2.8749E+00   3.1242E-02
   2.8749E+00   3.1242E-02
   2.8749E+00   3.1242E-02
   2.8750E+00   3.1243E-02
   2.8750E+00   3.1243E-02
   2.8751E+00   3.1243E-02
   2.8752E+00   3.1243E-02
   2.8754E+00   3.1244E-02
   2.8758E+00   3.1245E-02
   2.8764E+00   3.1247E-02
   2.8768E+00   3.1249E-02
   2.8774E+00   3.1250E-02
   2.8782E+00   3.1254E-02
   2.8797E+00   3.1261E-02
   2.8822E+00   3.1274E-02
   2.8866E+00   3.1298E-02
   2.8866E+00   3.1300E-02
   2.8866E+00   3.1299E-02
   2.8866E+00   3.1299E-02
   2.8866E+00   3.1299E-02
   2.8866E+00   3.1299E-02
   2.8866E+00   3.1299E-02
   2.8867E+00   3.1299E-02
   2.8867E+00   3.1298E-02
   2.8867E+00   3.1298E-02
   2.8867E+00   3.1298E-02
   2.8867E+00   3.1298E-02
   2.8867E+00   3.1298E-02
   2.8868E+00   3.1298E-02
   2.8868E+00   3.1297E-02
   2.8869E+00   3.1296E-02
   2.8870E+00   3.1294E-02
   2.8870E+00   3.1294E-02
   2.8871E+00   3.1293E-02
   2.8871E+00   3.1292E-02
   2.8871E+00   3.1291E-02
   2.8872E+00   3.1290E-02
   2.8873E+00   3.1288E-02
   2.8874E+00   3.1286E-02
   2.8877E+00   3.1283E-02
   2.8877E+00   3.1282E-02
   2.8877E+00   3.1282E-02
   2.8878E+00   3.1282E-02
   2.8878E+00   3.1281E-02
   2.8878E+00   3.1281E-02
   2.8878E+00   3.1281E-02
   2.8878E+00   3.1281E-02
   2.8878E+00   3.1281E-02
   2.8878E+00   3.1281E-02
   2.8878E+00   3.1281E-02
   2.8878E+00   3.1281E-02
   2.8878E+00   3.1281E-02
   2.8878E+00   3.1281E-02
   2.8878E+00   3.1280E-02
   2.8878E+00   3.1280E-02
   2.8879E+00   3.1280E-02
   2.8879E+00   3.1280E-02
   2.8879E+00   3.1279E-02
   2.8879E+00   3.1279E-02
   2.8880E+00   3.1277E-02
   2.8880E+00   3.1274E-02
   2.8881E+00   3.1269E-02
   2.8883E+00   3.1259E-02
   2.8886E+00   3.1245E-02
   2.8892E+00   3.1221E-02
   2.8901E+00   3.1186E-02
   2.8917E+00   3.1133E-02
   2.8945E+00   3.1060E-02
   2.8976E+00   3.0984E-02
   2.8982E+00   3.0966E-02
   2.8987E+00   3.0950E-02
   2.8995E+00   3.0928E-02
   2.9009E+00   3.0893E-02
   2.9034E+00   3.0842E-02
   2.9048E+00   3.0812E-02
   2.9072E+00   3.0767E-02
   2.9114E+00   3.0704E-02
   2.9158E+00   3.0725E-02
   2.9181E+00   3.0743E-02
   2.9216E+00   3.0760E-02
   2.9220E+00   3.0764E-02
   2.9223E+00   3.0766E-02
   2.9223E+00   3.0766E-02
   2.9223E+00   3.0766E-02
   2.9223E+00   3.0766E-02
   2.9223E+00   3.0766E-02
   2.9223E+00   3.0766E-02
   2.9224E+00   3.0766E-02
   2.9224E+00   3.0766E-02
   2.9224E+00   3.0766E-02
   2.9224E+00   3.0766E-02
   2.9224E+00   3.0766E-02
   2.9225E+00   3.0766E-02
   2.9225E+00   3.0766E-02
   2.9226E+00   3.0766E-02
   2.9226E+00   3.0766E-02
   2.9226E+00   3.0766E-02
   2.9226E+00   3.0766E-02
   2.9227E+00   3.0766E-02
   2.9227E+00   3.0765E-02
   2.9227E+00   3.0765E-02
   2.9228E+00   3.0764E-02
   2.9228E+00   3.0763E-02
   2.9229E+00   3.0763E-02
   2.9229E+00   3.0763E-02
   2.9229E+00   3.0763E-02
   2.9229E+00   3.0763E-02
   2.9229E+00   3.0763E-02
   2.9229E+00   3.0763E-02
   2.9229E+00   3.0762E-02
   2.9229E+00   3.0762E-02
   2.9229E+00   3.0762E-02
   2.9229E+00   3.0762E-02
   2.9229E+00   3.0762E-02
   2.9229E+00   3.0762E-02
   2.9229E+00   3.0762E-02
   2.9229E+00   3.0762E-02
   2.9229E+00   3.0762E-02
   2.9230E+00   3.0762E-02
   2.9230E+00   3.0762E-02
   2.9231E+00   3.0761E-02
   2.9232E+00   3.0761E-02
   2.9233E+00   3.0760E-02
   2.9235E+00   3.0759E-02
   2.9239E+00   3.0759E-02
   2.9245E+00   3.0758E-02
   2.9245E+00   3.0758E-02
   2.9245E+00   3.0758E-02
   2.9245E+00   3.0758E-02
   2.9245E+00   3.0758E-02
   2.9245E+00   3.0758E-02
   2.9245E+00   3.0758E-02
   2.9245E+00   3.0758E-02
   2.9245E+00   3.0758E-02
   2.9245E+00   3.0758E-02
   2.9245E+00   3.0758E-02
   2.9245E+00   3.0758E-02
   2.9245E+00   3.0758E-02
   2.9245E+00   3.0758E-02
   2.9245E+00   3.0758E-02
   2.9245E+00   3.0758E-02
   2.9245E+00   3.0758E-02
   2.9245E+00   3.0758E-02
   2.9245E+00   3.0758E-02
   2.9245E+00   3.0758E-02
   2.9245E+00   3.0758E-02
   2.9245E+00   3.0759E-02
   2.9245E+00   3.0759E-02
   2.9246E+00   3.0761E-02
   2.9246E+00   3.0764E-02
   2.9247E+00   3.0768E-02
   2.9248E+00   3.0773E-02
   2.9250E+00   3.0781E-02
   2.9252E+00   3.0788E-02
   2.9252E+00   3.0788E-02
   2.9252E+00   3.0789E-02
   2.9253E+00   3.0790E-02
   2.9253E+00   3.0790E-02
   2.9253E+00   3.0791E-02
   2.9254E+00   3.0793E-02
   2.9254E+00   3.0795E-02
   2.9256E+00   3.0801E-02
   2.9258E+00   3.0810E-02
   2.9262E+00   3.0825E-02
   2.9269E+00   3.0818E-02
   2.9275E+00   3.0811E-02
   2.9283E+00   3.0802E-02
   2.9294E+00   3.0790E-02
   2.9300E+00   3.0783E-02
   2.9311E+00   3.0771E-02
   2.9330E+00   3.0749E-02
   2.9340E+00   3.0739E-02
   2.9353E+00   3.0725E-02
   2.9373E+00   3.0708E-02
   2.9402E+00   3.0684E-02
   2.9454E+00   3.0651E-02
   2.9529E+00   3.0613E-02
   2.9530E+00   3.0614E-02
   2.9531E+00   3.0613E-02
   2.9532E+00   3.0612E-02
   2.9535E+00   3.0610E-02
   2.9536E+00   3.0610E-02
   2.9537E+00   3.0609E-02
   2.9537E+00   3.0609E-02
   2.9538E+00   3.0609E-02
   2.9538E+00   3.0609E-02
   2.9539E+00   3.0609E-02
   2.9541E+00   3.0609E-02
   2.9544E+00   3.0609E-02
   2.9549E+00   3.0608E-02
   2.9558E+00   3.0606E-02
   2.9560E+00   3.0606E-02
   2.9562E+00   3.0606E-02
   2.9562E+00   3.0606E-02
   2.9562E+00   3.0606E-02
   2.9562E+00   3.0606E-02
   2.9562E+00   3.0606E-02
   2.9562E+00   3.0606E-02
   2.9562E+00   3.0606E-02
   2.9562E+00   3.0606E-02
   2.9562E+00   3.0606E-02
   2.9562E+00   3.0606E-02
   2.9562E+00   3.0606E-02
   2.9562E+00   3.0606E-02
   2.9562E+00   3.0606E-02
   2.9562E+00   3.0606E-02
   2.9562E+00   3.0606E-02
   2.9562E+00   3.0606E-02
   2.9562E+00   3.0606E-02
   2.9562E+00   3.0606E-02
   2.9562E+00   3.0606E-02
   2.9562E+00   3.0606E-02
   2.9562E+00   3.0606E-02
   2.9562E+00   3.0607E-02
   2.9562E+00   3.0607E-02
   2.9562E+00   3.0608E-02
   2.9563E+00   3.0608E-02
   2.9563E+00   3.0609E-02
   2.9563E+00   3.0610E-02
   2.9563E+00   3.0610E-02
   2.9563E+00   3.0610E-02
   2.9563E+00   3.0611E-02
   2.9564E+00   3.0613E-02
   2.9564E+00   3.0617E-02
   2.9565E+00   3.0624E-02
   2.9567E+00   3.0633E-02
   2.9570E+00   3.0649E-02
   2.9574E+00   3.0675E-02
   2.9582E+00   3.0713E-02
   2.9583E+00   3.0714E-02
   2.9586E+00   3.0715E-02
   2.9587E+00   3.0716E-02
   2.9587E+00   3.0716E-02
   2.9588E+00   3.0717E-02
   2.9590E+00   3.0718E-02
   2.9591E+00   3.0718E-02
   2.9591E+00   3.0718E-02
   2.9591E+00   3.0718E-02
   2.9592E+00   3.0719E-02
   2.9593E+00   3.0719E-02
   2.9594E+00   3.0720E-02
   2.9597E+00   3.0722E-02
   2.9602E+00   3.0725E-02
   2.9610E+00   3.0730E-02
   2.9625E+00   3.0738E-02
   2.9650E+00   3.0750E-02
   2.9655E+00   3.0754E-02
   2.9659E+00   3.0756E-02
   2.9659E+00   3.0756E-02
   2.9659E+00   3.0756E-02
   2.9659E+00   3.0756E-02
   2.9659E+00   3.0756E-02
   2.9659E+00   3.0756E-02
   2.9659E+00   3.0756E-02
   2.9660E+00   3.0756E-02
   2.9660E+00   3.0755E-02
   2.9660E+00   3.0755E-02
   2.9660E+00   3.0755E-02
   2.9660E+00   3.0755E-02
   2.9661E+00   3.0755E-02
   2.9661E+00   3.0755E-02
   2.9661E+00   3.0755E-02
   2.9661E+00   3.0755E-02
   2.9661E+00   3.0755E-02
   2.9661E+00   3.0755E-02
   2.9662E+00   3.0755E-02
   2.9662E+00   3.0754E-02
   2.9663E+00   3.0754E-02
   2.9665E+00   3.0753E-02
   2.9669E+00   3.0756E-02
   2.9674E+00   3.0762E-02
   2.9674E+00   3.0762E-02
   2.9674E+00   3.0762E-02
   2.9674E+00   3.0762E-02
   2.9674E+00   3.0762E-02
   2.9674E+00   3.0762E-02
   2.9674E+00   3.0762E-02
   2.9674E+00   3.0762E-02
   2.9674E+00   3.0762E-02
   2.9674E+00   3.0762E-02
   2.9674E+00   3.0762E-02
   2.9674E+00   3.0762E-02
   2.9674E+00   3.0762E-02
   2.9674E+00   3.0762E-02
   2.9674E+00   3.0762E-02
   2.9674E+00   3.0762E-02
   2.9674E+00   3.0762E-02
   2.9674E+00   3.0762E-02
   2.9674E+00   3.0762E-02
   2.9674E+00   3.0762E-02
   2.9674E+00   3.0762E-02
   2.9675E+00   3.0761E-02
   2.9675E+00   3.0761E-02
   2.9676E+00   3.0759E-02
   2.9677E+00   3.0758E-02
   2.9678E+00   3.0756E-02
   2.9681E+00   3.0752E-02
   2.9684E+00   3.0748E-02
   2.9688E+00   3.0745E-02
   2.9694E+00   3.0740E-02
   2.9704E+00   3.0736E-02
   2.9721E+00   3.0734E-02
   2.9751E+00   3.0738E-02
   2.9786E+00   3.0747E-02
   2.9833E+00   3.0765E-02
   2.9908E+00   3.0796E-02
   2.9909E+00   3.0797E-02
   2.9911E+00   3.0798E-02
   2.9911E+00   3.0798E-02
   2.9911E+00   3.0798E-02
   2.9911E+00   3.0798E-02
   2.9911E+00   3.0798E-02
   2.9911E+00   3.0798E-02
   2.9911E+00   3.0798E-02
   2.9911E+00   3.0798E-02
   2.9911E+00   3.0798E-02
   2.9911E+00   3.0799E-02
   2.9911E+00   3.0799E-02
   2.9911E+00   3.0799E-02
   2.9911E+00   3.0799E-02
   2.9911E+00   3.0799E-02
   2.9911E+00   3.0799E-02
   2.9911E+00   3.0799E-02
   2.9911E+00   3.0799E-02
   2.9912E+00   3.0799E-02
   2.9912E+00   3.0799E-02
   2.9912E+00   3.0799E-02
   2.9913E+00   3.0799E-02
   2.9913E+00   3.0799E-02
   2.9913E+00   3.0801E-02
   2.9913E+00   3.0804E-02
   2.9914E+00   3.0808E-02
   2.9915E+00   3.0814E-02
   2.9915E+00   3.0817E-02
   2.9916E+00   3.0819E-02
   2.9916E+00   3.0823E-02
   2.9917E+00   3.0828E-02
   2.9917E+00   3.0829E-02
   2.9918E+00   3.0830E-02
   2.9918E+00   3.0830E-02
   2.9918E+00   3.0831E-02
   2.9918E+00   3.0832E-02
   2.9918E+00   3.0834E-02
   2.9918E+00   3.0834E-02
   2.9918E+00   3.0836E-02
   2.9919E+00   3.0838E-02
   2.9919E+00   3.0839E-02
   2.9920E+00   3.0841E-02
   2.9920E+00   3.0845E-02
   2.9921E+00   3.0847E-02
   2.9923E+00   3.0851E-02
   2.9927E+00   3.0857E-02
   2.9933E+00   3.0869E-02
   2.9936E+00   3.0876E-02
   2.9938E+00   3.0880E-02
   2.9938E+00   3.0880E-02
   2.9938E+00   3.0880E-02
   2.9938E+00   3.0880E-02
   2.9938E+00   3.0881E-02
   2.9938E+00   3.0881E-02
   2.9938E+00   3.0881E-02
   2.9939E+00   3.0882E-02
   2.9939E+00   3.0882E-02
   2.9939E+00   3.0882E-02
   2.9939E+00   3.0882E-02
   2.9939E+00   3.0882E-02
   2.9939E+00   3.0882E-02
   2.9939E+00   3.0882E-02
   2.9939E+00   3.0882E-02
   2.9939E+00   3.0882E-02
   2.9939E+00   3.0883E-02
   2.9939E+00   3.0883E-02
   2.9939E+00   3.0884E-02
   2.9940E+00   3.0886E-02
   2.9941E+00   3.0889E-02
   2.9942E+00   3.0893E-02
   2.9943E+00   3.0896E-02
   2.9943E+00   3.0897E-02
   2.9944E+00   3.0900E-02
   2.9945E+00   3.0903E-02
   2.9945E+00   3.0903E-02
   2.9945E+00   3.0904E-02
   2.9945E+00   3.0904E-02
   2.9945E+00   3.0905E-02
   2.9946E+00   3.0906E-02
   2.9946E+00   3.0907E-02
   2.9947E+00   3.0910E-02
   2.9948E+00   3.0915E-02
   2.9950E+00   3.0921E-02
   2.9951E+00   3.0921E-02
   2.9951E+00   3.0921E-02
   2.9951E+00   3.0921E-02
   2.9952E+00   3.0921E-02
   2.9952E+00   3.0921E-02
   2.9952E+00   3.0921E-02
   2.9952E+00   3.0921E-02
   2.9952E+00   3.0921E-02
   2.9952E+00   3.0921E-02
   2.9952E+00   3.0921E-02
   2.9952E+00   3.0921E-02
   2.9952E+00   3.0921E-02
   2.9952E+00   3.0921E-02
   2.9952E+00   3.0921E-02
   2.9953E+00   3.0921E-02
   2.9953E+00   3.0921E-02
   2.9953E+00   3.0921E-02
   2.9953E+00   3.0921E-02
   2.9953E+00   3.0921E-02
   2.9953E+00   3.0921E-02
   2.9953E+00   3.0922E-02
   2.9954E+00   3.0924E-02
   2.9955E+00   3.0928E-02
   2.9957E+00   3.0934E-02
   2.9960E+00   3.0943E-02
