# Trace from filein = ./62270a01                                                                                                                   
#   time        TI0                                                                                                                          
   2.0000E+00   9.9536E-01
   2.0000E+00   9.9274E-01
   2.0000E+00   9.8990E-01
   2.0001E+00   9.8684E-01
   2.0001E+00   9.8365E-01
   2.0001E+00   9.8037E-01
   2.0001E+00   9.7707E-01
   2.0001E+00   9.7378E-01
   2.0001E+00   9.7053E-01
   2.0001E+00   9.6734E-01
   2.0001E+00   9.6422E-01
   2.0002E+00   9.6117E-01
   2.0002E+00   9.5818E-01
   2.0002E+00   9.5523E-01
   2.0002E+00   9.5229E-01
   2.0002E+00   9.4927E-01
   2.0002E+00   9.4612E-01
   2.0003E+00   9.4269E-01
   2.0003E+00   9.3881E-01
   2.0003E+00   9.3410E-01
   2.0003E+00   9.3553E-01
   2.0004E+00   9.3752E-01
   2.0005E+00   9.3979E-01
   2.0006E+00   9.4175E-01
   2.0007E+00   9.4307E-01
   2.0007E+00   9.4392E-01
   2.0008E+00   9.4470E-01
   2.0008E+00   9.4548E-01
   2.0009E+00   9.4629E-01
   2.0009E+00   9.4716E-01
   2.0010E+00   9.4811E-01
   2.0011E+00   9.4919E-01
   2.0011E+00   9.5038E-01
   2.0013E+00   9.5168E-01
   2.0014E+00   9.5304E-01
   2.0015E+00   9.5444E-01
   2.0017E+00   9.5587E-01
   2.0018E+00   9.5736E-01
   2.0020E+00   9.5889E-01
   2.0022E+00   9.6040E-01
   2.0024E+00   9.6195E-01
   2.0026E+00   9.6346E-01
   2.0028E+00   9.6478E-01
   2.0030E+00   9.6584E-01
   2.0031E+00   9.6667E-01
   2.0032E+00   9.6737E-01
   2.0033E+00   9.6801E-01
   2.0034E+00   9.6868E-01
   2.0035E+00   9.6942E-01
   2.0036E+00   9.7027E-01
   2.0038E+00   9.7123E-01
   2.0040E+00   9.7225E-01
   2.0041E+00   9.7326E-01
   2.0043E+00   9.7413E-01
   2.0044E+00   9.7485E-01
   2.0045E+00   9.7570E-01
   2.0047E+00   9.7666E-01
   2.0049E+00   9.7806E-01
   2.0053E+00   9.8045E-01
   2.0060E+00   9.8489E-01
   2.0072E+00   9.9337E-01
   2.0083E+00   1.0010E+00
   2.0099E+00   1.0122E+00
   2.0126E+00   1.0322E+00
   2.0172E+00   1.0645E+00
   2.0237E+00   1.1054E+00
   2.0312E+00   1.1447E+00
   2.0387E+00   1.1784E+00
   2.0462E+00   1.2078E+00
   2.0537E+00   1.2337E+00
   2.0593E+00   1.2514E+00
   2.0668E+00   1.2717E+00
   2.0742E+00   1.2890E+00
   2.0817E+00   1.3040E+00
   2.0893E+00   1.3171E+00
   2.0968E+00   1.3285E+00
   2.1036E+00   1.3381E+00
   2.1106E+00   1.3469E+00
   2.1181E+00   1.3552E+00
   2.1256E+00   1.3631E+00
   2.1266E+00   1.3654E+00
   2.1284E+00   1.3703E+00
   2.1288E+00   1.3714E+00
   2.1293E+00   1.3727E+00
   2.1295E+00   1.3730E+00
   2.1296E+00   1.3734E+00
   2.1297E+00   1.3736E+00
   2.1298E+00   1.3740E+00
   2.1300E+00   1.3747E+00
   2.1304E+00   1.3757E+00
   2.1311E+00   1.3776E+00
   2.1321E+00   1.3811E+00
   2.1340E+00   1.3871E+00
   2.1373E+00   1.3968E+00
   2.1430E+00   1.4109E+00
   2.1505E+00   1.4263E+00
   2.1580E+00   1.4403E+00
   2.1655E+00   1.4532E+00
   2.1730E+00   1.4648E+00
   2.1805E+00   1.4751E+00
   2.1880E+00   1.4873E+00
   2.1955E+00   1.4982E+00
   2.2030E+00   1.5079E+00
   2.2105E+00   1.5169E+00
   2.2180E+00   1.5251E+00
   2.2255E+00   1.5326E+00
   2.2330E+00   1.5396E+00
   2.2405E+00   1.5460E+00
   2.2480E+00   1.5519E+00
   2.2555E+00   1.5573E+00
   2.2630E+00   1.5623E+00
   2.2705E+00   1.5668E+00
   2.2780E+00   1.5709E+00
   2.2855E+00   1.5746E+00
   2.2930E+00   1.5781E+00
   2.3005E+00   1.5812E+00
   2.3080E+00   1.5840E+00
   2.3155E+00   1.5865E+00
   2.3230E+00   1.5889E+00
   2.3305E+00   1.5910E+00
   2.3380E+00   1.5970E+00
   2.3439E+00   1.6020E+00
   2.3514E+00   1.6069E+00
   2.3589E+00   1.6113E+00
   2.3664E+00   1.6154E+00
   2.3739E+00   1.6190E+00
   2.3814E+00   1.6222E+00
   2.3889E+00   1.6250E+00
   2.3964E+00   1.6274E+00
   2.4039E+00   1.6293E+00
   2.4114E+00   1.6308E+00
   2.4189E+00   1.6320E+00
   2.4264E+00   1.6329E+00
   2.4339E+00   1.6336E+00
   2.4414E+00   1.6342E+00
   2.4489E+00   1.6346E+00
   2.4564E+00   1.6349E+00
   2.4639E+00   1.6352E+00
   2.4714E+00   1.6353E+00
   2.4789E+00   1.6354E+00
   2.4864E+00   1.6426E+00
   2.4910E+00   1.6472E+00
   2.4941E+00   1.6504E+00
   2.4964E+00   1.6530E+00
   2.4989E+00   1.6561E+00
   2.5008E+00   1.6586E+00
   2.5008E+00   1.6586E+00
   2.5008E+00   1.6586E+00
   2.5008E+00   1.6586E+00
   2.5008E+00   1.6585E+00
   2.5008E+00   1.6585E+00
   2.5008E+00   1.6585E+00
   2.5008E+00   1.6585E+00
   2.5008E+00   1.6585E+00
   2.5008E+00   1.6585E+00
   2.5008E+00   1.6585E+00
   2.5008E+00   1.6586E+00
   2.5008E+00   1.6586E+00
   2.5008E+00   1.6586E+00
   2.5008E+00   1.6586E+00
   2.5008E+00   1.6587E+00
   2.5009E+00   1.6587E+00
   2.5010E+00   1.6589E+00
   2.5012E+00   1.6590E+00
   2.5013E+00   1.6592E+00
   2.5015E+00   1.6593E+00
   2.5018E+00   1.6595E+00
   2.5018E+00   1.6595E+00
   2.5019E+00   1.6596E+00
   2.5019E+00   1.6596E+00
   2.5020E+00   1.6597E+00
   2.5020E+00   1.6597E+00
   2.5021E+00   1.6598E+00
   2.5024E+00   1.6599E+00
   2.5027E+00   1.6600E+00
   2.5034E+00   1.6600E+00
   2.5043E+00   1.6601E+00
   2.5055E+00   1.6601E+00
   2.5069E+00   1.6601E+00
   2.5083E+00   1.6601E+00
   2.5104E+00   1.6608E+00
   2.5131E+00   1.6612E+00
   2.5159E+00   1.6614E+00
   2.5177E+00   1.6615E+00
   2.5190E+00   1.6616E+00
   2.5201E+00   1.6616E+00
   2.5205E+00   1.6617E+00
   2.5213E+00   1.6617E+00
   2.5225E+00   1.6616E+00
   2.5241E+00   1.6614E+00
   2.5249E+00   1.6613E+00
   2.5264E+00   1.6610E+00
   2.5284E+00   1.6605E+00
   2.5284E+00   1.6605E+00
   2.5284E+00   1.6605E+00
   2.5284E+00   1.6605E+00
   2.5284E+00   1.6605E+00
   2.5284E+00   1.6605E+00
   2.5284E+00   1.6605E+00
   2.5284E+00   1.6605E+00
   2.5284E+00   1.6605E+00
   2.5284E+00   1.6605E+00
   2.5284E+00   1.6605E+00
   2.5284E+00   1.6605E+00
   2.5284E+00   1.6605E+00
   2.5285E+00   1.6605E+00
   2.5285E+00   1.6606E+00
   2.5286E+00   1.6606E+00
   2.5287E+00   1.6607E+00
   2.5289E+00   1.6608E+00
   2.5290E+00   1.6609E+00
   2.5292E+00   1.6610E+00
   2.5292E+00   1.6610E+00
   2.5293E+00   1.6611E+00
   2.5293E+00   1.6611E+00
   2.5293E+00   1.6611E+00
   2.5293E+00   1.6611E+00
   2.5294E+00   1.6611E+00
   2.5294E+00   1.6611E+00
   2.5294E+00   1.6611E+00
   2.5294E+00   1.6611E+00
   2.5294E+00   1.6611E+00
   2.5294E+00   1.6611E+00
   2.5294E+00   1.6611E+00
   2.5294E+00   1.6611E+00
   2.5295E+00   1.6611E+00
   2.5295E+00   1.6611E+00
   2.5296E+00   1.6611E+00
   2.5297E+00   1.6611E+00
   2.5299E+00   1.6610E+00
   2.5302E+00   1.6610E+00
   2.5305E+00   1.6610E+00
   2.5308E+00   1.6609E+00
   2.5312E+00   1.6609E+00
   2.5315E+00   1.6608E+00
   2.5320E+00   1.6608E+00
   2.5326E+00   1.6608E+00
   2.5335E+00   1.6608E+00
   2.5351E+00   1.6609E+00
   2.5379E+00   1.6618E+00
   2.5426E+00   1.6643E+00
   2.5501E+00   1.6691E+00
   2.5576E+00   1.6736E+00
   2.5578E+00   1.6745E+00
   2.5578E+00   1.6747E+00
   2.5578E+00   1.6748E+00
   2.5578E+00   1.6749E+00
   2.5578E+00   1.6751E+00
   2.5578E+00   1.6752E+00
   2.5578E+00   1.6753E+00
   2.5578E+00   1.6755E+00
   2.5578E+00   1.6757E+00
   2.5578E+00   1.6759E+00
   2.5578E+00   1.6762E+00
   2.5578E+00   1.6765E+00
   2.5578E+00   1.6769E+00
   2.5578E+00   1.6772E+00
   2.5578E+00   1.6774E+00
   2.5578E+00   1.6776E+00
   2.5578E+00   1.6776E+00
   2.5579E+00   1.6776E+00
   2.5579E+00   1.6776E+00
   2.5579E+00   1.6776E+00
   2.5579E+00   1.6776E+00
   2.5579E+00   1.6776E+00
   2.5579E+00   1.6776E+00
   2.5580E+00   1.6776E+00
   2.5580E+00   1.6776E+00
   2.5580E+00   1.6776E+00
   2.5580E+00   1.6777E+00
   2.5580E+00   1.6777E+00
   2.5580E+00   1.6776E+00
   2.5580E+00   1.6776E+00
   2.5580E+00   1.6777E+00
   2.5581E+00   1.6777E+00
   2.5581E+00   1.6777E+00
   2.5582E+00   1.6778E+00
   2.5583E+00   1.6778E+00
   2.5584E+00   1.6779E+00
   2.5585E+00   1.6780E+00
   2.5586E+00   1.6781E+00
   2.5588E+00   1.6782E+00
   2.5590E+00   1.6783E+00
   2.5593E+00   1.6779E+00
   2.5599E+00   1.6774E+00
   2.5599E+00   1.6774E+00
   2.5600E+00   1.6773E+00
   2.5601E+00   1.6771E+00
   2.5602E+00   1.6770E+00
   2.5603E+00   1.6768E+00
   2.5605E+00   1.6767E+00
   2.5605E+00   1.6766E+00
   2.5605E+00   1.6766E+00
   2.5605E+00   1.6766E+00
   2.5605E+00   1.6766E+00
   2.5605E+00   1.6766E+00
   2.5606E+00   1.6766E+00
   2.5607E+00   1.6765E+00
   2.5608E+00   1.6763E+00
   2.5610E+00   1.6761E+00
   2.5614E+00   1.6760E+00
   2.5621E+00   1.6759E+00
   2.5633E+00   1.6763E+00
   2.5633E+00   1.6763E+00
   2.5633E+00   1.6763E+00
   2.5633E+00   1.6763E+00
   2.5633E+00   1.6763E+00
   2.5633E+00   1.6763E+00
   2.5633E+00   1.6763E+00
   2.5633E+00   1.6763E+00
   2.5633E+00   1.6763E+00
   2.5633E+00   1.6763E+00
   2.5633E+00   1.6763E+00
   2.5633E+00   1.6763E+00
   2.5634E+00   1.6764E+00
   2.5635E+00   1.6763E+00
   2.5636E+00   1.6763E+00
   2.5636E+00   1.6763E+00
   2.5636E+00   1.6763E+00
   2.5636E+00   1.6763E+00
   2.5636E+00   1.6763E+00
   2.5636E+00   1.6763E+00
   2.5637E+00   1.6763E+00
   2.5637E+00   1.6763E+00
   2.5637E+00   1.6763E+00
   2.5638E+00   1.6763E+00
   2.5638E+00   1.6763E+00
   2.5639E+00   1.6764E+00
   2.5640E+00   1.6764E+00
   2.5643E+00   1.6765E+00
   2.5646E+00   1.6767E+00
   2.5652E+00   1.6769E+00
   2.5663E+00   1.6772E+00
   2.5675E+00   1.6774E+00
   2.5677E+00   1.6774E+00
   2.5680E+00   1.6775E+00
   2.5686E+00   1.6776E+00
   2.5690E+00   1.6777E+00
   2.5695E+00   1.6778E+00
   2.5704E+00   1.6779E+00
   2.5719E+00   1.6778E+00
   2.5744E+00   1.6776E+00
   2.5788E+00   1.6775E+00
   2.5837E+00   1.6955E+00
   2.5838E+00   1.6958E+00
   2.5839E+00   1.6961E+00
   2.5839E+00   1.6961E+00
   2.5839E+00   1.6961E+00
   2.5840E+00   1.6962E+00
   2.5840E+00   1.6962E+00
   2.5840E+00   1.6962E+00
   2.5840E+00   1.6962E+00
   2.5840E+00   1.6962E+00
   2.5840E+00   1.6963E+00
   2.5840E+00   1.6963E+00
   2.5841E+00   1.6963E+00
   2.5842E+00   1.6965E+00
   2.5843E+00   1.6967E+00
   2.5844E+00   1.6973E+00
   2.5847E+00   1.6980E+00
   2.5849E+00   1.6988E+00
   2.5851E+00   1.6996E+00
   2.5853E+00   1.7006E+00
   2.5857E+00   1.7005E+00
   2.5859E+00   1.7005E+00
   2.5861E+00   1.7004E+00
   2.5865E+00   1.7000E+00
   2.5869E+00   1.6996E+00
   2.5869E+00   1.6996E+00
   2.5869E+00   1.6996E+00
   2.5869E+00   1.6996E+00
   2.5869E+00   1.6996E+00
   2.5869E+00   1.6996E+00
   2.5869E+00   1.6996E+00
   2.5869E+00   1.6996E+00
   2.5869E+00   1.6996E+00
   2.5869E+00   1.6996E+00
   2.5870E+00   1.6996E+00
   2.5870E+00   1.6996E+00
   2.5870E+00   1.6995E+00
   2.5870E+00   1.6995E+00
   2.5870E+00   1.6995E+00
   2.5870E+00   1.6995E+00
   2.5870E+00   1.6995E+00
   2.5870E+00   1.6995E+00
   2.5870E+00   1.6995E+00
   2.5870E+00   1.6995E+00
   2.5870E+00   1.6995E+00
   2.5870E+00   1.6995E+00
   2.5870E+00   1.6995E+00
   2.5870E+00   1.6995E+00
   2.5870E+00   1.6995E+00
   2.5870E+00   1.6995E+00
   2.5870E+00   1.6995E+00
   2.5870E+00   1.6995E+00
   2.5870E+00   1.6995E+00
   2.5870E+00   1.6995E+00
   2.5870E+00   1.6996E+00
   2.5870E+00   1.6996E+00
   2.5871E+00   1.6996E+00
   2.5872E+00   1.6996E+00
   2.5873E+00   1.6997E+00
   2.5874E+00   1.6998E+00
   2.5876E+00   1.6995E+00
   2.5879E+00   1.6992E+00
   2.5884E+00   1.6990E+00
   2.5884E+00   1.6990E+00
   2.5885E+00   1.6990E+00
   2.5885E+00   1.6990E+00
   2.5885E+00   1.6990E+00
   2.5885E+00   1.6990E+00
   2.5885E+00   1.6990E+00
   2.5886E+00   1.6990E+00
   2.5886E+00   1.6991E+00
   2.5886E+00   1.6991E+00
   2.5886E+00   1.6991E+00
   2.5886E+00   1.6991E+00
   2.5886E+00   1.6991E+00
   2.5887E+00   1.6991E+00
   2.5887E+00   1.6991E+00
   2.5888E+00   1.6991E+00
   2.5889E+00   1.6991E+00
   2.5890E+00   1.6990E+00
   2.5891E+00   1.6991E+00
   2.5892E+00   1.6992E+00
   2.5892E+00   1.6992E+00
   2.5893E+00   1.6993E+00
   2.5895E+00   1.6993E+00
   2.5898E+00   1.6989E+00
   2.5904E+00   1.6970E+00
   2.5913E+00   1.6917E+00
   2.5929E+00   1.6794E+00
   2.5957E+00   1.6561E+00
   2.6006E+00   1.6190E+00
   2.6077E+00   1.5759E+00
   2.6152E+00   1.5425E+00
   2.6227E+00   1.5184E+00
   2.6302E+00   1.5009E+00
   2.6377E+00   1.4879E+00
   2.6452E+00   1.4779E+00
   2.6527E+00   1.4695E+00
   2.6602E+00   1.4622E+00
   2.6677E+00   1.4564E+00
   2.6752E+00   1.4883E+00
   2.6753E+00   1.4883E+00
   2.6753E+00   1.4883E+00
   2.6753E+00   1.4883E+00
   2.6753E+00   1.4883E+00
   2.6753E+00   1.4883E+00
   2.6753E+00   1.4883E+00
   2.6753E+00   1.4883E+00
   2.6753E+00   1.4883E+00
   2.6753E+00   1.4883E+00
   2.6753E+00   1.4883E+00
   2.6753E+00   1.4883E+00
   2.6753E+00   1.4883E+00
   2.6753E+00   1.4883E+00
   2.6753E+00   1.4883E+00
   2.6753E+00   1.4883E+00
   2.6753E+00   1.4883E+00
   2.6753E+00   1.4883E+00
   2.6753E+00   1.4883E+00
   2.6753E+00   1.4883E+00
   2.6753E+00   1.4883E+00
   2.6753E+00   1.4883E+00
   2.6753E+00   1.4883E+00
   2.6753E+00   1.4883E+00
   2.6753E+00   1.4883E+00
   2.6753E+00   1.4883E+00
   2.6753E+00   1.4883E+00
   2.6753E+00   1.4883E+00
   2.6753E+00   1.4883E+00
   2.6753E+00   1.4883E+00
   2.6753E+00   1.4883E+00
   2.6753E+00   1.4883E+00
   2.6753E+00   1.4883E+00
   2.6753E+00   1.4884E+00
   2.6753E+00   1.4884E+00
   2.6753E+00   1.4884E+00
   2.6753E+00   1.4885E+00
   2.6753E+00   1.4885E+00
   2.6753E+00   1.4886E+00
   2.6753E+00   1.4887E+00
   2.6753E+00   1.4886E+00
   2.6753E+00   1.4885E+00
   2.6753E+00   1.4885E+00
   2.6753E+00   1.4884E+00
   2.6753E+00   1.4883E+00
   2.6753E+00   1.4881E+00
   2.6753E+00   1.4879E+00
   2.6753E+00   1.4877E+00
   2.6753E+00   1.4874E+00
   2.6754E+00   1.4871E+00
   2.6754E+00   1.4867E+00
   2.6754E+00   1.4863E+00
   2.6754E+00   1.4862E+00
   2.6755E+00   1.4861E+00
   2.6755E+00   1.4861E+00
   2.6755E+00   1.4861E+00
   2.6755E+00   1.4860E+00
   2.6755E+00   1.4860E+00
   2.6755E+00   1.4860E+00
   2.6756E+00   1.4859E+00
   2.6756E+00   1.4859E+00
   2.6756E+00   1.4858E+00
   2.6757E+00   1.4858E+00
   2.6757E+00   1.4858E+00
   2.6757E+00   1.4858E+00
   2.6757E+00   1.4858E+00
   2.6757E+00   1.4858E+00
   2.6757E+00   1.4858E+00
   2.6757E+00   1.4858E+00
   2.6757E+00   1.4858E+00
   2.6757E+00   1.4857E+00
   2.6757E+00   1.4857E+00
   2.6757E+00   1.4857E+00
   2.6757E+00   1.4857E+00
   2.6757E+00   1.4857E+00
   2.6757E+00   1.4857E+00
   2.6758E+00   1.4857E+00
   2.6758E+00   1.4857E+00
   2.6758E+00   1.4857E+00
   2.6758E+00   1.4857E+00
   2.6758E+00   1.4857E+00
   2.6758E+00   1.4857E+00
   2.6758E+00   1.4857E+00
   2.6758E+00   1.4857E+00
   2.6758E+00   1.4857E+00
   2.6758E+00   1.4857E+00
   2.6758E+00   1.4856E+00
   2.6758E+00   1.4856E+00
   2.6758E+00   1.4856E+00
   2.6758E+00   1.4856E+00
   2.6758E+00   1.4856E+00
   2.6759E+00   1.4855E+00
   2.6759E+00   1.4855E+00
   2.6759E+00   1.4855E+00
   2.6759E+00   1.4855E+00
   2.6760E+00   1.4854E+00
   2.6760E+00   1.4854E+00
   2.6760E+00   1.4854E+00
   2.6760E+00   1.4853E+00
   2.6760E+00   1.4853E+00
   2.6760E+00   1.4853E+00
   2.6760E+00   1.4853E+00
   2.6760E+00   1.4853E+00
   2.6761E+00   1.4853E+00
   2.6761E+00   1.4852E+00
   2.6761E+00   1.4852E+00
   2.6761E+00   1.4852E+00
   2.6761E+00   1.4852E+00
   2.6762E+00   1.4851E+00
   2.6762E+00   1.4851E+00
   2.6763E+00   1.4850E+00
   2.6764E+00   1.4849E+00
   2.6766E+00   1.4851E+00
   2.6769E+00   1.4856E+00
   2.6774E+00   1.4867E+00
   2.6780E+00   1.4887E+00
   2.6783E+00   1.4895E+00
   2.6787E+00   1.4909E+00
   2.6792E+00   1.4930E+00
   2.6800E+00   1.4965E+00
   2.6812E+00   1.5025E+00
   2.6832E+00   1.5127E+00
   2.6833E+00   1.5129E+00
   2.6834E+00   1.5132E+00
   2.6834E+00   1.5133E+00
   2.6834E+00   1.5134E+00
   2.6834E+00   1.5134E+00
   2.6834E+00   1.5134E+00
   2.6834E+00   1.5135E+00
   2.6834E+00   1.5135E+00
   2.6834E+00   1.5135E+00
   2.6834E+00   1.5136E+00
   2.6835E+00   1.5138E+00
   2.6835E+00   1.5139E+00
   2.6835E+00   1.5141E+00
   2.6835E+00   1.5143E+00
   2.6836E+00   1.5145E+00
   2.6836E+00   1.5148E+00
   2.6837E+00   1.5153E+00
   2.6837E+00   1.5161E+00
   2.6838E+00   1.5171E+00
   2.6839E+00   1.5182E+00
   2.6841E+00   1.5198E+00
   2.6844E+00   1.5220E+00
   2.6848E+00   1.5250E+00
   2.6853E+00   1.5291E+00
   2.6858E+00   1.5333E+00
   2.6867E+00   1.5395E+00
   2.6880E+00   1.5489E+00
   2.6880E+00   1.5490E+00
   2.6880E+00   1.5493E+00
   2.6880E+00   1.5498E+00
   2.6881E+00   1.5498E+00
   2.6881E+00   1.5498E+00
   2.6881E+00   1.5498E+00
   2.6881E+00   1.5499E+00
   2.6881E+00   1.5499E+00
   2.6881E+00   1.5499E+00
   2.6881E+00   1.5499E+00
   2.6881E+00   1.5499E+00
   2.6881E+00   1.5499E+00
   2.6881E+00   1.5499E+00
   2.6881E+00   1.5499E+00
   2.6881E+00   1.5499E+00
   2.6881E+00   1.5499E+00
   2.6881E+00   1.5499E+00
   2.6881E+00   1.5499E+00
   2.6881E+00   1.5499E+00
   2.6881E+00   1.5499E+00
   2.6881E+00   1.5499E+00
   2.6881E+00   1.5499E+00
   2.6881E+00   1.5499E+00
   2.6881E+00   1.5499E+00
   2.6881E+00   1.5499E+00
   2.6881E+00   1.5499E+00
   2.6881E+00   1.5499E+00
   2.6881E+00   1.5500E+00
   2.6881E+00   1.5500E+00
   2.6881E+00   1.5500E+00
   2.6881E+00   1.5501E+00
   2.6882E+00   1.5502E+00
   2.6882E+00   1.5503E+00
   2.6882E+00   1.5504E+00
   2.6882E+00   1.5504E+00
   2.6883E+00   1.5504E+00
   2.6883E+00   1.5504E+00
   2.6883E+00   1.5505E+00
   2.6883E+00   1.5506E+00
   2.6883E+00   1.5507E+00
   2.6884E+00   1.5508E+00
   2.6884E+00   1.5509E+00
   2.6885E+00   1.5512E+00
   2.6886E+00   1.5518E+00
   2.6887E+00   1.5526E+00
   2.6888E+00   1.5530E+00
   2.6889E+00   1.5535E+00
   2.6890E+00   1.5542E+00
   2.6892E+00   1.5553E+00
   2.6895E+00   1.5570E+00
   2.6898E+00   1.5593E+00
   2.6903E+00   1.5621E+00
   2.6909E+00   1.5656E+00
   2.6916E+00   1.5697E+00
   2.6916E+00   1.5698E+00
   2.6916E+00   1.5701E+00
   2.6916E+00   1.5703E+00
   2.6916E+00   1.5705E+00
   2.6916E+00   1.5706E+00
   2.6916E+00   1.5706E+00
   2.6916E+00   1.5707E+00
   2.6916E+00   1.5707E+00
   2.6916E+00   1.5707E+00
   2.6917E+00   1.5707E+00
   2.6917E+00   1.5707E+00
   2.6917E+00   1.5707E+00
   2.6917E+00   1.5707E+00
   2.6917E+00   1.5707E+00
   2.6917E+00   1.5707E+00
   2.6917E+00   1.5707E+00
   2.6917E+00   1.5707E+00
   2.6917E+00   1.5707E+00
   2.6917E+00   1.5707E+00
   2.6917E+00   1.5707E+00
   2.6917E+00   1.5708E+00
   2.6917E+00   1.5708E+00
   2.6917E+00   1.5708E+00
   2.6917E+00   1.5708E+00
   2.6917E+00   1.5708E+00
   2.6917E+00   1.5708E+00
   2.6918E+00   1.5709E+00
   2.6918E+00   1.5710E+00
   2.6919E+00   1.5712E+00
   2.6921E+00   1.5720E+00
   2.6923E+00   1.5734E+00
   2.6923E+00   1.5735E+00
   2.6923E+00   1.5736E+00
   2.6924E+00   1.5737E+00
   2.6924E+00   1.5738E+00
   2.6924E+00   1.5740E+00
   2.6925E+00   1.5743E+00
   2.6925E+00   1.5748E+00
   2.6927E+00   1.5757E+00
   2.6929E+00   1.5772E+00
   2.6930E+00   1.5775E+00
   2.6930E+00   1.5777E+00
   2.6931E+00   1.5780E+00
   2.6932E+00   1.5786E+00
   2.6933E+00   1.5797E+00
   2.6936E+00   1.5814E+00
   2.6941E+00   1.5845E+00
   2.6950E+00   1.5894E+00
   2.6965E+00   1.5972E+00
   2.6992E+00   1.6074E+00
   2.7038E+00   1.6223E+00
   2.7113E+00   1.6401E+00
   2.7113E+00   1.6401E+00
   2.7113E+00   1.6401E+00
   2.7113E+00   1.6401E+00
   2.7113E+00   1.6401E+00
   2.7113E+00   1.6401E+00
   2.7113E+00   1.6401E+00
   2.7113E+00   1.6401E+00
   2.7113E+00   1.6401E+00
   2.7113E+00   1.6400E+00
   2.7113E+00   1.6400E+00
   2.7113E+00   1.6400E+00
   2.7113E+00   1.6399E+00
   2.7113E+00   1.6399E+00
   2.7113E+00   1.6399E+00
   2.7113E+00   1.6398E+00
   2.7113E+00   1.6397E+00
   2.7113E+00   1.6397E+00
   2.7113E+00   1.6397E+00
   2.7114E+00   1.6398E+00
   2.7114E+00   1.6398E+00
   2.7114E+00   1.6399E+00
   2.7114E+00   1.6400E+00
   2.7115E+00   1.6401E+00
   2.7115E+00   1.6402E+00
   2.7115E+00   1.6403E+00
   2.7115E+00   1.6404E+00
   2.7116E+00   1.6406E+00
   2.7116E+00   1.6407E+00
   2.7116E+00   1.6408E+00
   2.7116E+00   1.6409E+00
   2.7116E+00   1.6409E+00
   2.7117E+00   1.6409E+00
   2.7117E+00   1.6410E+00
   2.7117E+00   1.6411E+00
   2.7117E+00   1.6411E+00
   2.7117E+00   1.6412E+00
   2.7118E+00   1.6413E+00
   2.7118E+00   1.6415E+00
   2.7118E+00   1.6417E+00
   2.7119E+00   1.6421E+00
   2.7120E+00   1.6426E+00
   2.7121E+00   1.6432E+00
   2.7122E+00   1.6436E+00
   2.7123E+00   1.6443E+00
   2.7124E+00   1.6447E+00
   2.7125E+00   1.6452E+00
   2.7126E+00   1.6459E+00
   2.7129E+00   1.6471E+00
   2.7133E+00   1.6490E+00
   2.7140E+00   1.6521E+00
   2.7153E+00   1.6567E+00
   2.7176E+00   1.6631E+00
   2.7190E+00   1.6674E+00
   2.7208E+00   1.6722E+00
   2.7234E+00   1.6777E+00
   2.7274E+00   1.6838E+00
   2.7343E+00   1.6892E+00
   2.7343E+00   1.6892E+00
   2.7343E+00   1.6892E+00
   2.7343E+00   1.6892E+00
   2.7343E+00   1.6892E+00
   2.7343E+00   1.6892E+00
   2.7343E+00   1.6892E+00
   2.7343E+00   1.6892E+00
   2.7343E+00   1.6892E+00
   2.7343E+00   1.6892E+00
   2.7343E+00   1.6892E+00
   2.7343E+00   1.6892E+00
   2.7343E+00   1.6892E+00
   2.7343E+00   1.6892E+00
   2.7343E+00   1.6892E+00
   2.7343E+00   1.6892E+00
   2.7343E+00   1.6893E+00
   2.7343E+00   1.6893E+00
   2.7343E+00   1.6893E+00
   2.7343E+00   1.6893E+00
   2.7343E+00   1.6893E+00
   2.7343E+00   1.6893E+00
   2.7343E+00   1.6893E+00
   2.7344E+00   1.6893E+00
   2.7344E+00   1.6894E+00
   2.7344E+00   1.6894E+00
   2.7344E+00   1.6894E+00
   2.7344E+00   1.6894E+00
   2.7344E+00   1.6894E+00
   2.7344E+00   1.6894E+00
   2.7345E+00   1.6894E+00
   2.7345E+00   1.6895E+00
   2.7346E+00   1.6896E+00
   2.7347E+00   1.6897E+00
   2.7349E+00   1.6899E+00
   2.7352E+00   1.6902E+00
   2.7356E+00   1.6905E+00
   2.7364E+00   1.6911E+00
   2.7364E+00   1.6911E+00
   2.7364E+00   1.6911E+00
   2.7364E+00   1.6911E+00
   2.7364E+00   1.6911E+00
   2.7364E+00   1.6911E+00
   2.7364E+00   1.6911E+00
   2.7364E+00   1.6911E+00
   2.7364E+00   1.6912E+00
   2.7365E+00   1.6912E+00
   2.7365E+00   1.6913E+00
   2.7366E+00   1.6915E+00
   2.7368E+00   1.6918E+00
   2.7371E+00   1.6923E+00
   2.7376E+00   1.6931E+00
   2.7384E+00   1.6945E+00
   2.7384E+00   1.6946E+00
   2.7384E+00   1.6946E+00
   2.7384E+00   1.6946E+00
   2.7384E+00   1.6946E+00
   2.7384E+00   1.6946E+00
   2.7385E+00   1.6946E+00
   2.7385E+00   1.6947E+00
   2.7385E+00   1.6947E+00
   2.7385E+00   1.6946E+00
   2.7385E+00   1.6946E+00
   2.7385E+00   1.6944E+00
   2.7385E+00   1.6942E+00
   2.7385E+00   1.6941E+00
   2.7386E+00   1.6940E+00
   2.7386E+00   1.6938E+00
   2.7386E+00   1.6937E+00
   2.7386E+00   1.6936E+00
   2.7387E+00   1.6933E+00
   2.7388E+00   1.6927E+00
   2.7389E+00   1.6918E+00
   2.7392E+00   1.6903E+00
   2.7396E+00   1.6882E+00
   2.7396E+00   1.6880E+00
   2.7397E+00   1.6878E+00
   2.7397E+00   1.6876E+00
   2.7397E+00   1.6874E+00
   2.7397E+00   1.6874E+00
   2.7397E+00   1.6874E+00
   2.7397E+00   1.6874E+00
   2.7398E+00   1.6874E+00
   2.7398E+00   1.6875E+00
   2.7398E+00   1.6875E+00
   2.7399E+00   1.6876E+00
   2.7399E+00   1.6878E+00
   2.7400E+00   1.6880E+00
   2.7401E+00   1.6883E+00
   2.7403E+00   1.6888E+00
   2.7406E+00   1.6895E+00
   2.7412E+00   1.6906E+00
   2.7422E+00   1.6921E+00
   2.7440E+00   1.6940E+00
   2.7468E+00   1.6963E+00
   2.7516E+00   1.6988E+00
   2.7591E+00   1.7006E+00
   2.7666E+00   1.7013E+00
   2.7741E+00   1.7007E+00
   2.7816E+00   1.6989E+00
   2.7817E+00   1.6989E+00
   2.7817E+00   1.6989E+00
   2.7817E+00   1.6989E+00
   2.7817E+00   1.6989E+00
   2.7817E+00   1.6989E+00
   2.7817E+00   1.6989E+00
   2.7817E+00   1.6989E+00
   2.7817E+00   1.6989E+00
   2.7817E+00   1.6989E+00
   2.7817E+00   1.6990E+00
   2.7817E+00   1.6990E+00
   2.7817E+00   1.6990E+00
   2.7817E+00   1.6990E+00
   2.7817E+00   1.6990E+00
   2.7817E+00   1.6990E+00
   2.7817E+00   1.6990E+00
   2.7817E+00   1.6990E+00
   2.7817E+00   1.6990E+00
   2.7818E+00   1.6990E+00
   2.7818E+00   1.6990E+00
   2.7818E+00   1.6990E+00
   2.7819E+00   1.6990E+00
   2.7819E+00   1.6989E+00
   2.7819E+00   1.6988E+00
   2.7820E+00   1.6987E+00
   2.7821E+00   1.6985E+00
   2.7821E+00   1.6983E+00
   2.7821E+00   1.6983E+00
   2.7821E+00   1.6983E+00
   2.7821E+00   1.6983E+00
   2.7822E+00   1.6983E+00
   2.7822E+00   1.6982E+00
   2.7822E+00   1.6982E+00
   2.7822E+00   1.6982E+00
   2.7822E+00   1.6981E+00
   2.7822E+00   1.6981E+00
   2.7822E+00   1.6981E+00
   2.7822E+00   1.6981E+00
   2.7822E+00   1.6981E+00
   2.7822E+00   1.6981E+00
   2.7822E+00   1.6981E+00
   2.7822E+00   1.6981E+00
   2.7822E+00   1.6982E+00
   2.7822E+00   1.6984E+00
   2.7822E+00   1.6987E+00
   2.7823E+00   1.6991E+00
   2.7823E+00   1.6998E+00
   2.7824E+00   1.7007E+00
   2.7824E+00   1.7013E+00
   2.7824E+00   1.7015E+00
   2.7825E+00   1.7019E+00
   2.7825E+00   1.7020E+00
   2.7825E+00   1.7021E+00
   2.7825E+00   1.7022E+00
   2.7825E+00   1.7023E+00
   2.7825E+00   1.7023E+00
   2.7825E+00   1.7023E+00
   2.7825E+00   1.7023E+00
   2.7825E+00   1.7023E+00
   2.7825E+00   1.7023E+00
   2.7825E+00   1.7023E+00
   2.7825E+00   1.7024E+00
   2.7825E+00   1.7023E+00
   2.7825E+00   1.7023E+00
   2.7825E+00   1.7023E+00
   2.7826E+00   1.7023E+00
   2.7826E+00   1.7022E+00
   2.7826E+00   1.7021E+00
   2.7827E+00   1.7020E+00
   2.7828E+00   1.7020E+00
   2.7828E+00   1.7020E+00
   2.7828E+00   1.7020E+00
   2.7828E+00   1.7019E+00
   2.7829E+00   1.7019E+00
   2.7829E+00   1.7018E+00
   2.7830E+00   1.7017E+00
   2.7833E+00   1.7015E+00
   2.7836E+00   1.7013E+00
   2.7843E+00   1.7011E+00
   2.7854E+00   1.7009E+00
   2.7867E+00   1.7005E+00
   2.7890E+00   1.6998E+00
   2.7929E+00   1.6982E+00
   2.7961E+00   1.6969E+00
   2.8006E+00   1.6954E+00
   2.8081E+00   1.6937E+00
   2.8156E+00   1.6922E+00
   2.8231E+00   1.6908E+00
   2.8306E+00   1.6894E+00
   2.8307E+00   1.6894E+00
   2.8307E+00   1.6894E+00
   2.8307E+00   1.6894E+00
   2.8307E+00   1.6894E+00
   2.8307E+00   1.6894E+00
   2.8307E+00   1.6894E+00
   2.8307E+00   1.6894E+00
   2.8307E+00   1.6894E+00
   2.8307E+00   1.6894E+00
   2.8307E+00   1.6894E+00
   2.8307E+00   1.6894E+00
   2.8307E+00   1.6894E+00
   2.8307E+00   1.6894E+00
   2.8307E+00   1.6894E+00
   2.8307E+00   1.6893E+00
   2.8307E+00   1.6893E+00
   2.8307E+00   1.6893E+00
   2.8308E+00   1.6893E+00
   2.8308E+00   1.6893E+00
   2.8308E+00   1.6892E+00
   2.8308E+00   1.6892E+00
   2.8309E+00   1.6892E+00
   2.8310E+00   1.6891E+00
   2.8310E+00   1.6890E+00
   2.8311E+00   1.6889E+00
   2.8312E+00   1.6888E+00
   2.8312E+00   1.6887E+00
   2.8312E+00   1.6887E+00
   2.8312E+00   1.6887E+00
   2.8313E+00   1.6887E+00
   2.8313E+00   1.6886E+00
   2.8313E+00   1.6886E+00
   2.8313E+00   1.6886E+00
   2.8314E+00   1.6883E+00
   2.8314E+00   1.6879E+00
   2.8315E+00   1.6873E+00
   2.8315E+00   1.6866E+00
   2.8316E+00   1.6863E+00
   2.8317E+00   1.6858E+00
   2.8318E+00   1.6851E+00
   2.8319E+00   1.6843E+00
   2.8321E+00   1.6833E+00
   2.8324E+00   1.6818E+00
   2.8330E+00   1.6798E+00
   2.8339E+00   1.6774E+00
   2.8355E+00   1.6745E+00
   2.8365E+00   1.6727E+00
   2.8375E+00   1.6712E+00
   2.8394E+00   1.6691E+00
   2.8426E+00   1.6658E+00
   2.8481E+00   1.6603E+00
   2.8556E+00   1.6538E+00
   2.8631E+00   1.6485E+00
   2.8632E+00   1.6491E+00
   2.8633E+00   1.6493E+00
   2.8633E+00   1.6494E+00
   2.8633E+00   1.6494E+00
   2.8633E+00   1.6494E+00
   2.8633E+00   1.6495E+00
   2.8633E+00   1.6496E+00
   2.8633E+00   1.6497E+00
   2.8633E+00   1.6498E+00
   2.8633E+00   1.6498E+00
   2.8634E+00   1.6499E+00
   2.8634E+00   1.6501E+00
   2.8634E+00   1.6502E+00
   2.8635E+00   1.6504E+00
   2.8635E+00   1.6507E+00
   2.8635E+00   1.6509E+00
   2.8636E+00   1.6510E+00
   2.8636E+00   1.6511E+00
   2.8636E+00   1.6511E+00
   2.8636E+00   1.6512E+00
   2.8636E+00   1.6512E+00
   2.8636E+00   1.6513E+00
   2.8636E+00   1.6513E+00
   2.8637E+00   1.6514E+00
   2.8637E+00   1.6516E+00
   2.8638E+00   1.6518E+00
   2.8639E+00   1.6522E+00
   2.8641E+00   1.6525E+00
   2.8644E+00   1.6530E+00
   2.8647E+00   1.6532E+00
   2.8650E+00   1.6535E+00
   2.8652E+00   1.6536E+00
   2.8654E+00   1.6538E+00
   2.8659E+00   1.6538E+00
   2.8662E+00   1.6538E+00
   2.8664E+00   1.6539E+00
   2.8668E+00   1.6538E+00
   2.8672E+00   1.6537E+00
   2.8677E+00   1.6532E+00
   2.8684E+00   1.6525E+00
   2.8689E+00   1.6521E+00
   2.8690E+00   1.6520E+00
   2.8691E+00   1.6519E+00
   2.8692E+00   1.6519E+00
   2.8693E+00   1.6520E+00
   2.8693E+00   1.6520E+00
   2.8694E+00   1.6521E+00
   2.8695E+00   1.6521E+00
   2.8696E+00   1.6522E+00
   2.8696E+00   1.6522E+00
   2.8696E+00   1.6522E+00
   2.8696E+00   1.6522E+00
   2.8697E+00   1.6522E+00
   2.8697E+00   1.6522E+00
   2.8698E+00   1.6523E+00
   2.8698E+00   1.6523E+00
   2.8698E+00   1.6523E+00
   2.8698E+00   1.6523E+00
   2.8698E+00   1.6523E+00
   2.8698E+00   1.6523E+00
   2.8699E+00   1.6523E+00
   2.8699E+00   1.6523E+00
   2.8699E+00   1.6523E+00
   2.8699E+00   1.6523E+00
   2.8699E+00   1.6523E+00
   2.8699E+00   1.6523E+00
   2.8699E+00   1.6522E+00
   2.8699E+00   1.6521E+00
   2.8700E+00   1.6518E+00
   2.8700E+00   1.6515E+00
   2.8701E+00   1.6511E+00
   2.8703E+00   1.6504E+00
   2.8706E+00   1.6493E+00
   2.8710E+00   1.6475E+00
   2.8719E+00   1.6446E+00
   2.8730E+00   1.6412E+00
   2.8736E+00   1.6392E+00
   2.8747E+00   1.6362E+00
   2.8747E+00   1.6362E+00
   2.8747E+00   1.6362E+00
   2.8747E+00   1.6362E+00
   2.8747E+00   1.6362E+00
   2.8747E+00   1.6362E+00
   2.8747E+00   1.6363E+00
   2.8747E+00   1.6363E+00
   2.8748E+00   1.6363E+00
   2.8748E+00   1.6363E+00
   2.8748E+00   1.6363E+00
   2.8748E+00   1.6364E+00
   2.8748E+00   1.6364E+00
   2.8748E+00   1.6364E+00
   2.8749E+00   1.6365E+00
   2.8749E+00   1.6365E+00
   2.8749E+00   1.6366E+00
   2.8750E+00   1.6366E+00
   2.8750E+00   1.6367E+00
   2.8751E+00   1.6367E+00
   2.8752E+00   1.6367E+00
   2.8754E+00   1.6367E+00
   2.8758E+00   1.6364E+00
   2.8764E+00   1.6358E+00
   2.8768E+00   1.6355E+00
   2.8774E+00   1.6351E+00
   2.8782E+00   1.6345E+00
   2.8797E+00   1.6343E+00
   2.8822E+00   1.6352E+00
   2.8866E+00   1.6388E+00
   2.8866E+00   1.6388E+00
   2.8866E+00   1.6388E+00
   2.8866E+00   1.6388E+00
   2.8866E+00   1.6388E+00
   2.8866E+00   1.6388E+00
   2.8866E+00   1.6388E+00
   2.8867E+00   1.6388E+00
   2.8867E+00   1.6387E+00
   2.8867E+00   1.6387E+00
   2.8867E+00   1.6387E+00
   2.8867E+00   1.6387E+00
   2.8867E+00   1.6387E+00
   2.8868E+00   1.6387E+00
   2.8868E+00   1.6387E+00
   2.8869E+00   1.6387E+00
   2.8870E+00   1.6387E+00
   2.8870E+00   1.6387E+00
   2.8871E+00   1.6387E+00
   2.8871E+00   1.6387E+00
   2.8871E+00   1.6387E+00
   2.8872E+00   1.6388E+00
   2.8873E+00   1.6387E+00
   2.8874E+00   1.6387E+00
   2.8877E+00   1.6388E+00
   2.8877E+00   1.6388E+00
   2.8877E+00   1.6388E+00
   2.8878E+00   1.6388E+00
   2.8878E+00   1.6388E+00
   2.8878E+00   1.6388E+00
   2.8878E+00   1.6388E+00
   2.8878E+00   1.6388E+00
   2.8878E+00   1.6388E+00
   2.8878E+00   1.6388E+00
   2.8878E+00   1.6388E+00
   2.8878E+00   1.6388E+00
   2.8878E+00   1.6388E+00
   2.8878E+00   1.6388E+00
   2.8878E+00   1.6388E+00
   2.8878E+00   1.6388E+00
   2.8879E+00   1.6388E+00
   2.8879E+00   1.6388E+00
   2.8879E+00   1.6388E+00
   2.8879E+00   1.6388E+00
   2.8880E+00   1.6389E+00
   2.8880E+00   1.6390E+00
   2.8881E+00   1.6392E+00
   2.8883E+00   1.6395E+00
   2.8886E+00   1.6401E+00
   2.8892E+00   1.6410E+00
   2.8901E+00   1.6424E+00
   2.8917E+00   1.6443E+00
   2.8945E+00   1.6466E+00
   2.8976E+00   1.6490E+00
   2.8982E+00   1.6497E+00
   2.8987E+00   1.6503E+00
   2.8995E+00   1.6510E+00
   2.9009E+00   1.6522E+00
   2.9034E+00   1.6536E+00
   2.9048E+00   1.6546E+00
   2.9072E+00   1.6558E+00
   2.9114E+00   1.6573E+00
   2.9158E+00   1.6489E+00
   2.9181E+00   1.6447E+00
   2.9216E+00   1.6392E+00
   2.9220E+00   1.6385E+00
   2.9223E+00   1.6383E+00
   2.9223E+00   1.6384E+00
   2.9223E+00   1.6384E+00
   2.9223E+00   1.6384E+00
   2.9223E+00   1.6384E+00
   2.9223E+00   1.6385E+00
   2.9224E+00   1.6385E+00
   2.9224E+00   1.6385E+00
   2.9224E+00   1.6385E+00
   2.9224E+00   1.6386E+00
   2.9224E+00   1.6386E+00
   2.9225E+00   1.6387E+00
   2.9225E+00   1.6387E+00
   2.9226E+00   1.6388E+00
   2.9226E+00   1.6388E+00
   2.9226E+00   1.6388E+00
   2.9226E+00   1.6389E+00
   2.9227E+00   1.6389E+00
   2.9227E+00   1.6389E+00
   2.9227E+00   1.6390E+00
   2.9228E+00   1.6390E+00
   2.9228E+00   1.6391E+00
   2.9229E+00   1.6391E+00
   2.9229E+00   1.6391E+00
   2.9229E+00   1.6391E+00
   2.9229E+00   1.6391E+00
   2.9229E+00   1.6391E+00
   2.9229E+00   1.6391E+00
   2.9229E+00   1.6391E+00
   2.9229E+00   1.6391E+00
   2.9229E+00   1.6391E+00
   2.9229E+00   1.6391E+00
   2.9229E+00   1.6391E+00
   2.9229E+00   1.6391E+00
   2.9229E+00   1.6392E+00
   2.9229E+00   1.6392E+00
   2.9229E+00   1.6392E+00
   2.9230E+00   1.6393E+00
   2.9230E+00   1.6393E+00
   2.9231E+00   1.6394E+00
   2.9232E+00   1.6395E+00
   2.9233E+00   1.6396E+00
   2.9235E+00   1.6397E+00
   2.9239E+00   1.6399E+00
   2.9245E+00   1.6402E+00
   2.9245E+00   1.6402E+00
   2.9245E+00   1.6402E+00
   2.9245E+00   1.6402E+00
   2.9245E+00   1.6402E+00
   2.9245E+00   1.6402E+00
   2.9245E+00   1.6402E+00
   2.9245E+00   1.6402E+00
   2.9245E+00   1.6402E+00
   2.9245E+00   1.6402E+00
   2.9245E+00   1.6402E+00
   2.9245E+00   1.6402E+00
   2.9245E+00   1.6402E+00
   2.9245E+00   1.6402E+00
   2.9245E+00   1.6402E+00
   2.9245E+00   1.6402E+00
   2.9245E+00   1.6402E+00
   2.9245E+00   1.6402E+00
   2.9245E+00   1.6402E+00
   2.9245E+00   1.6402E+00
   2.9245E+00   1.6402E+00
   2.9245E+00   1.6402E+00
   2.9245E+00   1.6402E+00
   2.9246E+00   1.6401E+00
   2.9246E+00   1.6401E+00
   2.9247E+00   1.6400E+00
   2.9248E+00   1.6398E+00
   2.9250E+00   1.6394E+00
   2.9252E+00   1.6390E+00
   2.9252E+00   1.6390E+00
   2.9252E+00   1.6390E+00
   2.9253E+00   1.6389E+00
   2.9253E+00   1.6389E+00
   2.9253E+00   1.6388E+00
   2.9254E+00   1.6387E+00
   2.9254E+00   1.6386E+00
   2.9256E+00   1.6383E+00
   2.9258E+00   1.6376E+00
   2.9262E+00   1.6364E+00
   2.9269E+00   1.6365E+00
   2.9275E+00   1.6367E+00
   2.9283E+00   1.6372E+00
   2.9294E+00   1.6383E+00
   2.9300E+00   1.6389E+00
   2.9311E+00   1.6403E+00
   2.9330E+00   1.6431E+00
   2.9340E+00   1.6446E+00
   2.9353E+00   1.6466E+00
   2.9373E+00   1.6496E+00
   2.9402E+00   1.6539E+00
   2.9454E+00   1.6598E+00
   2.9529E+00   1.6658E+00
   2.9530E+00   1.6659E+00
   2.9531E+00   1.6660E+00
   2.9532E+00   1.6662E+00
   2.9535E+00   1.6665E+00
   2.9536E+00   1.6667E+00
   2.9537E+00   1.6667E+00
   2.9537E+00   1.6668E+00
   2.9538E+00   1.6668E+00
   2.9538E+00   1.6667E+00
   2.9539E+00   1.6665E+00
   2.9541E+00   1.6662E+00
   2.9544E+00   1.6656E+00
   2.9549E+00   1.6646E+00
   2.9558E+00   1.6628E+00
   2.9560E+00   1.6624E+00
   2.9562E+00   1.6621E+00
   2.9562E+00   1.6621E+00
   2.9562E+00   1.6621E+00
   2.9562E+00   1.6621E+00
   2.9562E+00   1.6621E+00
   2.9562E+00   1.6621E+00
   2.9562E+00   1.6621E+00
   2.9562E+00   1.6621E+00
   2.9562E+00   1.6621E+00
   2.9562E+00   1.6621E+00
   2.9562E+00   1.6621E+00
   2.9562E+00   1.6621E+00
   2.9562E+00   1.6621E+00
   2.9562E+00   1.6621E+00
   2.9562E+00   1.6621E+00
   2.9562E+00   1.6621E+00
   2.9562E+00   1.6621E+00
   2.9562E+00   1.6621E+00
   2.9562E+00   1.6621E+00
   2.9562E+00   1.6621E+00
   2.9562E+00   1.6621E+00
   2.9562E+00   1.6621E+00
   2.9562E+00   1.6621E+00
   2.9562E+00   1.6621E+00
   2.9563E+00   1.6621E+00
   2.9563E+00   1.6621E+00
   2.9563E+00   1.6622E+00
   2.9563E+00   1.6622E+00
   2.9563E+00   1.6622E+00
   2.9563E+00   1.6622E+00
   2.9564E+00   1.6623E+00
   2.9564E+00   1.6623E+00
   2.9565E+00   1.6624E+00
   2.9567E+00   1.6626E+00
   2.9570E+00   1.6628E+00
   2.9574E+00   1.6632E+00
   2.9582E+00   1.6635E+00
   2.9583E+00   1.6637E+00
   2.9586E+00   1.6639E+00
   2.9587E+00   1.6639E+00
   2.9587E+00   1.6640E+00
   2.9588E+00   1.6641E+00
   2.9590E+00   1.6643E+00
   2.9591E+00   1.6643E+00
   2.9591E+00   1.6643E+00
   2.9591E+00   1.6643E+00
   2.9592E+00   1.6644E+00
   2.9593E+00   1.6645E+00
   2.9594E+00   1.6646E+00
   2.9597E+00   1.6648E+00
   2.9602E+00   1.6651E+00
   2.9610E+00   1.6653E+00
   2.9625E+00   1.6656E+00
   2.9650E+00   1.6657E+00
   2.9655E+00   1.6658E+00
   2.9659E+00   1.6659E+00
   2.9659E+00   1.6659E+00
   2.9659E+00   1.6659E+00
   2.9659E+00   1.6659E+00
   2.9659E+00   1.6660E+00
   2.9659E+00   1.6660E+00
   2.9659E+00   1.6660E+00
   2.9660E+00   1.6661E+00
   2.9660E+00   1.6661E+00
   2.9660E+00   1.6661E+00
   2.9660E+00   1.6661E+00
   2.9660E+00   1.6661E+00
   2.9661E+00   1.6661E+00
   2.9661E+00   1.6662E+00
   2.9661E+00   1.6662E+00
   2.9661E+00   1.6662E+00
   2.9661E+00   1.6662E+00
   2.9661E+00   1.6662E+00
   2.9662E+00   1.6662E+00
   2.9662E+00   1.6663E+00
   2.9663E+00   1.6664E+00
   2.9665E+00   1.6666E+00
   2.9669E+00   1.6663E+00
   2.9674E+00   1.6660E+00
   2.9674E+00   1.6660E+00
   2.9674E+00   1.6660E+00
   2.9674E+00   1.6660E+00
   2.9674E+00   1.6660E+00
   2.9674E+00   1.6660E+00
   2.9674E+00   1.6660E+00
   2.9674E+00   1.6660E+00
   2.9674E+00   1.6660E+00
   2.9674E+00   1.6660E+00
   2.9674E+00   1.6660E+00
   2.9674E+00   1.6660E+00
   2.9674E+00   1.6660E+00
   2.9674E+00   1.6660E+00
   2.9674E+00   1.6660E+00
   2.9674E+00   1.6660E+00
   2.9674E+00   1.6660E+00
   2.9674E+00   1.6660E+00
   2.9674E+00   1.6659E+00
   2.9674E+00   1.6659E+00
   2.9674E+00   1.6659E+00
   2.9675E+00   1.6659E+00
   2.9675E+00   1.6659E+00
   2.9676E+00   1.6659E+00
   2.9677E+00   1.6658E+00
   2.9678E+00   1.6658E+00
   2.9681E+00   1.6659E+00
   2.9684E+00   1.6662E+00
   2.9688E+00   1.6665E+00
   2.9694E+00   1.6672E+00
   2.9704E+00   1.6687E+00
   2.9721E+00   1.6715E+00
   2.9751E+00   1.6765E+00
   2.9786E+00   1.6821E+00
   2.9833E+00   1.6895E+00
   2.9908E+00   1.6999E+00
   2.9909E+00   1.7000E+00
   2.9911E+00   1.7003E+00
   2.9911E+00   1.7003E+00
   2.9911E+00   1.7003E+00
   2.9911E+00   1.7003E+00
   2.9911E+00   1.7003E+00
   2.9911E+00   1.7003E+00
   2.9911E+00   1.7003E+00
   2.9911E+00   1.7003E+00
   2.9911E+00   1.7003E+00
   2.9911E+00   1.7003E+00
   2.9911E+00   1.7003E+00
   2.9911E+00   1.7003E+00
   2.9911E+00   1.7003E+00
   2.9911E+00   1.7003E+00
   2.9911E+00   1.7003E+00
   2.9911E+00   1.7004E+00
   2.9911E+00   1.7004E+00
   2.9912E+00   1.7005E+00
   2.9912E+00   1.7005E+00
   2.9912E+00   1.7006E+00
   2.9913E+00   1.7007E+00
   2.9913E+00   1.7007E+00
   2.9913E+00   1.7008E+00
   2.9913E+00   1.7009E+00
   2.9914E+00   1.7010E+00
   2.9915E+00   1.7012E+00
   2.9915E+00   1.7012E+00
   2.9916E+00   1.7013E+00
   2.9916E+00   1.7014E+00
   2.9917E+00   1.7016E+00
   2.9917E+00   1.7016E+00
   2.9918E+00   1.7016E+00
   2.9918E+00   1.7016E+00
   2.9918E+00   1.7016E+00
   2.9918E+00   1.7017E+00
   2.9918E+00   1.7017E+00
   2.9918E+00   1.7017E+00
   2.9918E+00   1.7018E+00
   2.9919E+00   1.7018E+00
   2.9919E+00   1.7019E+00
   2.9920E+00   1.7019E+00
   2.9920E+00   1.7020E+00
   2.9921E+00   1.7022E+00
   2.9923E+00   1.7024E+00
   2.9927E+00   1.7027E+00
   2.9933E+00   1.7031E+00
   2.9936E+00   1.7033E+00
   2.9938E+00   1.7035E+00
   2.9938E+00   1.7035E+00
   2.9938E+00   1.7035E+00
   2.9938E+00   1.7035E+00
   2.9938E+00   1.7035E+00
   2.9938E+00   1.7035E+00
   2.9938E+00   1.7035E+00
   2.9939E+00   1.7035E+00
   2.9939E+00   1.7036E+00
   2.9939E+00   1.7036E+00
   2.9939E+00   1.7036E+00
   2.9939E+00   1.7036E+00
   2.9939E+00   1.7036E+00
   2.9939E+00   1.7036E+00
   2.9939E+00   1.7036E+00
   2.9939E+00   1.7036E+00
   2.9939E+00   1.7036E+00
   2.9939E+00   1.7036E+00
   2.9939E+00   1.7036E+00
   2.9940E+00   1.7036E+00
   2.9941E+00   1.7037E+00
   2.9942E+00   1.7038E+00
   2.9943E+00   1.7038E+00
   2.9943E+00   1.7038E+00
   2.9944E+00   1.7038E+00
   2.9945E+00   1.7039E+00
   2.9945E+00   1.7039E+00
   2.9945E+00   1.7039E+00
   2.9945E+00   1.7039E+00
   2.9945E+00   1.7039E+00
   2.9946E+00   1.7039E+00
   2.9946E+00   1.7039E+00
   2.9947E+00   1.7039E+00
   2.9948E+00   1.7039E+00
   2.9950E+00   1.7039E+00
   2.9951E+00   1.7039E+00
   2.9951E+00   1.7039E+00
   2.9951E+00   1.7039E+00
   2.9952E+00   1.7039E+00
   2.9952E+00   1.7039E+00
   2.9952E+00   1.7039E+00
   2.9952E+00   1.7039E+00
   2.9952E+00   1.7039E+00
   2.9952E+00   1.7039E+00
   2.9952E+00   1.7039E+00
   2.9952E+00   1.7039E+00
   2.9952E+00   1.7039E+00
   2.9952E+00   1.7039E+00
   2.9952E+00   1.7039E+00
   2.9953E+00   1.7039E+00
   2.9953E+00   1.7039E+00
   2.9953E+00   1.7039E+00
   2.9953E+00   1.7039E+00
   2.9953E+00   1.7039E+00
   2.9953E+00   1.7039E+00
   2.9953E+00   1.7039E+00
   2.9954E+00   1.7039E+00
   2.9955E+00   1.7038E+00
   2.9957E+00   1.7037E+00
   2.9960E+00   1.7036E+00
