# Trace from filein = ./62270a01                                                                                                                   
#   time        NE0                                                                                                                          
   2.0000E+00   3.4132E+01
   2.0000E+00   3.4181E+01
   2.0000E+00   3.4236E+01
   2.0001E+00   3.4295E+01
   2.0001E+00   3.4358E+01
   2.0001E+00   3.4424E+01
   2.0001E+00   3.4491E+01
   2.0001E+00   3.4559E+01
   2.0001E+00   3.4627E+01
   2.0001E+00   3.4695E+01
   2.0001E+00   3.4763E+01
   2.0002E+00   3.4830E+01
   2.0002E+00   3.4897E+01
   2.0002E+00   3.4964E+01
   2.0002E+00   3.5032E+01
   2.0002E+00   3.5103E+01
   2.0002E+00   3.5178E+01
   2.0003E+00   3.5262E+01
   2.0003E+00   3.5360E+01
   2.0003E+00   3.5483E+01
   2.0003E+00   3.5496E+01
   2.0004E+00   3.5523E+01
   2.0005E+00   3.5556E+01
   2.0006E+00   3.5581E+01
   2.0007E+00   3.5593E+01
   2.0007E+00   3.5599E+01
   2.0008E+00   3.5604E+01
   2.0008E+00   3.5611E+01
   2.0009E+00   3.5618E+01
   2.0009E+00   3.5627E+01
   2.0010E+00   3.5638E+01
   2.0011E+00   3.5652E+01
   2.0011E+00   3.5669E+01
   2.0013E+00   3.5690E+01
   2.0014E+00   3.5712E+01
   2.0015E+00   3.5737E+01
   2.0017E+00   3.5764E+01
   2.0018E+00   3.5794E+01
   2.0020E+00   3.5826E+01
   2.0022E+00   3.5859E+01
   2.0024E+00   3.5891E+01
   2.0026E+00   3.5921E+01
   2.0028E+00   3.5948E+01
   2.0030E+00   3.5968E+01
   2.0031E+00   3.5984E+01
   2.0032E+00   3.5996E+01
   2.0033E+00   3.6008E+01
   2.0034E+00   3.6020E+01
   2.0035E+00   3.6034E+01
   2.0036E+00   3.6050E+01
   2.0038E+00   3.6069E+01
   2.0040E+00   3.6088E+01
   2.0041E+00   3.6107E+01
   2.0043E+00   3.6123E+01
   2.0044E+00   3.6136E+01
   2.0045E+00   3.6151E+01
   2.0047E+00   3.6169E+01
   2.0049E+00   3.6194E+01
   2.0053E+00   3.6235E+01
   2.0060E+00   3.6303E+01
   2.0072E+00   3.6431E+01
   2.0083E+00   3.6549E+01
   2.0099E+00   3.6707E+01
   2.0126E+00   3.6968E+01
   2.0172E+00   3.7378E+01
   2.0237E+00   3.7924E+01
   2.0312E+00   3.8485E+01
   2.0387E+00   3.8980E+01
   2.0462E+00   3.9424E+01
   2.0537E+00   3.9834E+01
   2.0593E+00   4.0117E+01
   2.0668E+00   4.0496E+01
   2.0742E+00   4.0871E+01
   2.0817E+00   4.1239E+01
   2.0893E+00   4.1598E+01
   2.0968E+00   4.1949E+01
   2.1036E+00   4.2259E+01
   2.1106E+00   4.2563E+01
   2.1181E+00   4.2878E+01
   2.1256E+00   4.3173E+01
   2.1266E+00   4.3212E+01
   2.1284E+00   4.3279E+01
   2.1288E+00   4.3296E+01
   2.1293E+00   4.3314E+01
   2.1295E+00   4.3318E+01
   2.1296E+00   4.3322E+01
   2.1297E+00   4.3324E+01
   2.1298E+00   4.3327E+01
   2.1300E+00   4.3334E+01
   2.1304E+00   4.3349E+01
   2.1311E+00   4.3374E+01
   2.1321E+00   4.3416E+01
   2.1340E+00   4.3484E+01
   2.1373E+00   4.3587E+01
   2.1430E+00   4.3740E+01
   2.1505E+00   4.3924E+01
   2.1580E+00   4.4094E+01
   2.1655E+00   4.4246E+01
   2.1730E+00   4.4389E+01
   2.1805E+00   4.4527E+01
   2.1880E+00   4.4610E+01
   2.1955E+00   4.4700E+01
   2.2030E+00   4.4795E+01
   2.2105E+00   4.4892E+01
   2.2180E+00   4.4989E+01
   2.2255E+00   4.5088E+01
   2.2330E+00   4.5186E+01
   2.2405E+00   4.5283E+01
   2.2480E+00   4.5379E+01
   2.2555E+00   4.5474E+01
   2.2630E+00   4.5568E+01
   2.2705E+00   4.5659E+01
   2.2780E+00   4.5748E+01
   2.2855E+00   4.5834E+01
   2.2930E+00   4.5917E+01
   2.3005E+00   4.5997E+01
   2.3080E+00   4.6074E+01
   2.3155E+00   4.6149E+01
   2.3230E+00   4.6220E+01
   2.3305E+00   4.6289E+01
   2.3380E+00   4.6406E+01
   2.3439E+00   4.6488E+01
   2.3514E+00   4.6572E+01
   2.3589E+00   4.6644E+01
   2.3664E+00   4.6706E+01
   2.3739E+00   4.6761E+01
   2.3814E+00   4.6811E+01
   2.3889E+00   4.6858E+01
   2.3964E+00   4.6902E+01
   2.4039E+00   4.6944E+01
   2.4114E+00   4.6982E+01
   2.4189E+00   4.7018E+01
   2.4264E+00   4.7052E+01
   2.4339E+00   4.7084E+01
   2.4414E+00   4.7114E+01
   2.4489E+00   4.7142E+01
   2.4564E+00   4.7169E+01
   2.4639E+00   4.7196E+01
   2.4714E+00   4.7224E+01
   2.4789E+00   4.7251E+01
   2.4864E+00   4.7296E+01
   2.4910E+00   4.7328E+01
   2.4941E+00   4.7352E+01
   2.4964E+00   4.7372E+01
   2.4989E+00   4.7389E+01
   2.5008E+00   4.7400E+01
   2.5008E+00   4.7400E+01
   2.5008E+00   4.7400E+01
   2.5008E+00   4.7401E+01
   2.5008E+00   4.7401E+01
   2.5008E+00   4.7401E+01
   2.5008E+00   4.7401E+01
   2.5008E+00   4.7401E+01
   2.5008E+00   4.7401E+01
   2.5008E+00   4.7401E+01
   2.5008E+00   4.7401E+01
   2.5008E+00   4.7401E+01
   2.5008E+00   4.7401E+01
   2.5008E+00   4.7400E+01
   2.5008E+00   4.7400E+01
   2.5008E+00   4.7398E+01
   2.5009E+00   4.7397E+01
   2.5010E+00   4.7394E+01
   2.5012E+00   4.7390E+01
   2.5013E+00   4.7385E+01
   2.5015E+00   4.7381E+01
   2.5018E+00   4.7376E+01
   2.5018E+00   4.7374E+01
   2.5019E+00   4.7373E+01
   2.5019E+00   4.7372E+01
   2.5020E+00   4.7371E+01
   2.5020E+00   4.7369E+01
   2.5021E+00   4.7366E+01
   2.5024E+00   4.7362E+01
   2.5027E+00   4.7357E+01
   2.5034E+00   4.7349E+01
   2.5043E+00   4.7341E+01
   2.5055E+00   4.7333E+01
   2.5069E+00   4.7329E+01
   2.5083E+00   4.7326E+01
   2.5104E+00   4.7305E+01
   2.5131E+00   4.7285E+01
   2.5159E+00   4.7269E+01
   2.5177E+00   4.7259E+01
   2.5190E+00   4.7253E+01
   2.5201E+00   4.7248E+01
   2.5205E+00   4.7245E+01
   2.5213E+00   4.7241E+01
   2.5225E+00   4.7235E+01
   2.5241E+00   4.7229E+01
   2.5249E+00   4.7224E+01
   2.5264E+00   4.7217E+01
   2.5284E+00   4.7210E+01
   2.5284E+00   4.7210E+01
   2.5284E+00   4.7210E+01
   2.5284E+00   4.7210E+01
   2.5284E+00   4.7210E+01
   2.5284E+00   4.7210E+01
   2.5284E+00   4.7210E+01
   2.5284E+00   4.7209E+01
   2.5284E+00   4.7209E+01
   2.5284E+00   4.7209E+01
   2.5284E+00   4.7209E+01
   2.5284E+00   4.7209E+01
   2.5284E+00   4.7209E+01
   2.5285E+00   4.7209E+01
   2.5285E+00   4.7209E+01
   2.5286E+00   4.7209E+01
   2.5287E+00   4.7210E+01
   2.5289E+00   4.7213E+01
   2.5290E+00   4.7214E+01
   2.5292E+00   4.7215E+01
   2.5292E+00   4.7216E+01
   2.5293E+00   4.7217E+01
   2.5293E+00   4.7217E+01
   2.5293E+00   4.7217E+01
   2.5293E+00   4.7217E+01
   2.5294E+00   4.7217E+01
   2.5294E+00   4.7218E+01
   2.5294E+00   4.7218E+01
   2.5294E+00   4.7218E+01
   2.5294E+00   4.7218E+01
   2.5294E+00   4.7218E+01
   2.5294E+00   4.7218E+01
   2.5294E+00   4.7217E+01
   2.5295E+00   4.7217E+01
   2.5295E+00   4.7217E+01
   2.5296E+00   4.7216E+01
   2.5297E+00   4.7215E+01
   2.5299E+00   4.7213E+01
   2.5302E+00   4.7210E+01
   2.5305E+00   4.7208E+01
   2.5308E+00   4.7205E+01
   2.5312E+00   4.7201E+01
   2.5315E+00   4.7197E+01
   2.5320E+00   4.7193E+01
   2.5326E+00   4.7187E+01
   2.5335E+00   4.7178E+01
   2.5351E+00   4.7164E+01
   2.5379E+00   4.7139E+01
   2.5426E+00   4.7093E+01
   2.5501E+00   4.7016E+01
   2.5576E+00   4.6937E+01
   2.5578E+00   4.6940E+01
   2.5578E+00   4.6941E+01
   2.5578E+00   4.6942E+01
   2.5578E+00   4.6943E+01
   2.5578E+00   4.6944E+01
   2.5578E+00   4.6945E+01
   2.5578E+00   4.6946E+01
   2.5578E+00   4.6948E+01
   2.5578E+00   4.6950E+01
   2.5578E+00   4.6951E+01
   2.5578E+00   4.6954E+01
   2.5578E+00   4.6956E+01
   2.5578E+00   4.6959E+01
   2.5578E+00   4.6962E+01
   2.5578E+00   4.6963E+01
   2.5578E+00   4.6964E+01
   2.5578E+00   4.6964E+01
   2.5579E+00   4.6964E+01
   2.5579E+00   4.6963E+01
   2.5579E+00   4.6963E+01
   2.5579E+00   4.6962E+01
   2.5579E+00   4.6962E+01
   2.5579E+00   4.6962E+01
   2.5580E+00   4.6962E+01
   2.5580E+00   4.6962E+01
   2.5580E+00   4.6961E+01
   2.5580E+00   4.6961E+01
   2.5580E+00   4.6961E+01
   2.5580E+00   4.6961E+01
   2.5580E+00   4.6960E+01
   2.5580E+00   4.6960E+01
   2.5581E+00   4.6960E+01
   2.5581E+00   4.6959E+01
   2.5582E+00   4.6958E+01
   2.5583E+00   4.6957E+01
   2.5584E+00   4.6956E+01
   2.5585E+00   4.6955E+01
   2.5586E+00   4.6953E+01
   2.5588E+00   4.6951E+01
   2.5590E+00   4.6949E+01
   2.5593E+00   4.6954E+01
   2.5599E+00   4.6963E+01
   2.5599E+00   4.6963E+01
   2.5600E+00   4.6964E+01
   2.5601E+00   4.6966E+01
   2.5602E+00   4.6968E+01
   2.5603E+00   4.6970E+01
   2.5605E+00   4.6973E+01
   2.5605E+00   4.6973E+01
   2.5605E+00   4.6973E+01
   2.5605E+00   4.6973E+01
   2.5605E+00   4.6973E+01
   2.5605E+00   4.6973E+01
   2.5606E+00   4.6973E+01
   2.5607E+00   4.6975E+01
   2.5608E+00   4.6977E+01
   2.5610E+00   4.6981E+01
   2.5614E+00   4.6988E+01
   2.5621E+00   4.7000E+01
   2.5633E+00   4.7022E+01
   2.5633E+00   4.7022E+01
   2.5633E+00   4.7022E+01
   2.5633E+00   4.7022E+01
   2.5633E+00   4.7022E+01
   2.5633E+00   4.7022E+01
   2.5633E+00   4.7022E+01
   2.5633E+00   4.7021E+01
   2.5633E+00   4.7021E+01
   2.5633E+00   4.7021E+01
   2.5633E+00   4.7021E+01
   2.5633E+00   4.7021E+01
   2.5634E+00   4.7022E+01
   2.5635E+00   4.7024E+01
   2.5636E+00   4.7028E+01
   2.5636E+00   4.7028E+01
   2.5636E+00   4.7029E+01
   2.5636E+00   4.7029E+01
   2.5636E+00   4.7029E+01
   2.5636E+00   4.7028E+01
   2.5637E+00   4.7028E+01
   2.5637E+00   4.7028E+01
   2.5637E+00   4.7028E+01
   2.5638E+00   4.7028E+01
   2.5638E+00   4.7028E+01
   2.5639E+00   4.7028E+01
   2.5640E+00   4.7029E+01
   2.5643E+00   4.7029E+01
   2.5646E+00   4.7029E+01
   2.5652E+00   4.7029E+01
   2.5663E+00   4.7028E+01
   2.5675E+00   4.7026E+01
   2.5677E+00   4.7026E+01
   2.5680E+00   4.7026E+01
   2.5686E+00   4.7025E+01
   2.5690E+00   4.7024E+01
   2.5695E+00   4.7022E+01
   2.5704E+00   4.7020E+01
   2.5719E+00   4.7015E+01
   2.5744E+00   4.7005E+01
   2.5788E+00   4.6986E+01
   2.5837E+00   4.7025E+01
   2.5838E+00   4.7025E+01
   2.5839E+00   4.7024E+01
   2.5839E+00   4.7024E+01
   2.5839E+00   4.7023E+01
   2.5840E+00   4.7023E+01
   2.5840E+00   4.7023E+01
   2.5840E+00   4.7022E+01
   2.5840E+00   4.7022E+01
   2.5840E+00   4.7022E+01
   2.5840E+00   4.7022E+01
   2.5840E+00   4.7021E+01
   2.5841E+00   4.7021E+01
   2.5842E+00   4.7021E+01
   2.5843E+00   4.7020E+01
   2.5844E+00   4.7020E+01
   2.5847E+00   4.7020E+01
   2.5849E+00   4.7021E+01
   2.5851E+00   4.7022E+01
   2.5853E+00   4.7023E+01
   2.5857E+00   4.7024E+01
   2.5859E+00   4.7025E+01
   2.5861E+00   4.7026E+01
   2.5865E+00   4.7028E+01
   2.5869E+00   4.7029E+01
   2.5869E+00   4.7029E+01
   2.5869E+00   4.7029E+01
   2.5869E+00   4.7029E+01
   2.5869E+00   4.7029E+01
   2.5869E+00   4.7029E+01
   2.5869E+00   4.7029E+01
   2.5869E+00   4.7029E+01
   2.5869E+00   4.7029E+01
   2.5869E+00   4.7029E+01
   2.5870E+00   4.7029E+01
   2.5870E+00   4.7029E+01
   2.5870E+00   4.7029E+01
   2.5870E+00   4.7030E+01
   2.5870E+00   4.7030E+01
   2.5870E+00   4.7030E+01
   2.5870E+00   4.7030E+01
   2.5870E+00   4.7030E+01
   2.5870E+00   4.7030E+01
   2.5870E+00   4.7030E+01
   2.5870E+00   4.7030E+01
   2.5870E+00   4.7030E+01
   2.5870E+00   4.7030E+01
   2.5870E+00   4.7030E+01
   2.5870E+00   4.7030E+01
   2.5870E+00   4.7030E+01
   2.5870E+00   4.7030E+01
   2.5870E+00   4.7030E+01
   2.5870E+00   4.7030E+01
   2.5870E+00   4.7030E+01
   2.5870E+00   4.7030E+01
   2.5870E+00   4.7030E+01
   2.5871E+00   4.7030E+01
   2.5872E+00   4.7031E+01
   2.5873E+00   4.7032E+01
   2.5874E+00   4.7033E+01
   2.5876E+00   4.7041E+01
   2.5879E+00   4.7052E+01
   2.5884E+00   4.7069E+01
   2.5884E+00   4.7069E+01
   2.5885E+00   4.7069E+01
   2.5885E+00   4.7069E+01
   2.5885E+00   4.7069E+01
   2.5885E+00   4.7069E+01
   2.5885E+00   4.7069E+01
   2.5886E+00   4.7069E+01
   2.5886E+00   4.7069E+01
   2.5886E+00   4.7068E+01
   2.5886E+00   4.7068E+01
   2.5886E+00   4.7068E+01
   2.5886E+00   4.7068E+01
   2.5887E+00   4.7068E+01
   2.5887E+00   4.7068E+01
   2.5888E+00   4.7068E+01
   2.5889E+00   4.7070E+01
   2.5890E+00   4.7073E+01
   2.5891E+00   4.7073E+01
   2.5892E+00   4.7073E+01
   2.5892E+00   4.7073E+01
   2.5893E+00   4.7073E+01
   2.5895E+00   4.7074E+01
   2.5898E+00   4.7081E+01
   2.5904E+00   4.7105E+01
   2.5913E+00   4.7174E+01
   2.5929E+00   4.7341E+01
   2.5957E+00   4.7696E+01
   2.6006E+00   4.8376E+01
   2.6077E+00   4.9357E+01
   2.6152E+00   5.0283E+01
   2.6227E+00   5.1113E+01
   2.6302E+00   5.1868E+01
   2.6377E+00   5.2570E+01
   2.6452E+00   5.3235E+01
   2.6527E+00   5.3879E+01
   2.6602E+00   5.4502E+01
   2.6677E+00   5.5089E+01
   2.6752E+00   5.4459E+01
   2.6753E+00   5.4462E+01
   2.6753E+00   5.4462E+01
   2.6753E+00   5.4462E+01
   2.6753E+00   5.4462E+01
   2.6753E+00   5.4462E+01
   2.6753E+00   5.4462E+01
   2.6753E+00   5.4462E+01
   2.6753E+00   5.4462E+01
   2.6753E+00   5.4462E+01
   2.6753E+00   5.4462E+01
   2.6753E+00   5.4462E+01
   2.6753E+00   5.4462E+01
   2.6753E+00   5.4462E+01
   2.6753E+00   5.4462E+01
   2.6753E+00   5.4462E+01
   2.6753E+00   5.4462E+01
   2.6753E+00   5.4462E+01
   2.6753E+00   5.4462E+01
   2.6753E+00   5.4462E+01
   2.6753E+00   5.4462E+01
   2.6753E+00   5.4462E+01
   2.6753E+00   5.4462E+01
   2.6753E+00   5.4462E+01
   2.6753E+00   5.4462E+01
   2.6753E+00   5.4462E+01
   2.6753E+00   5.4462E+01
   2.6753E+00   5.4462E+01
   2.6753E+00   5.4462E+01
   2.6753E+00   5.4462E+01
   2.6753E+00   5.4463E+01
   2.6753E+00   5.4463E+01
   2.6753E+00   5.4464E+01
   2.6753E+00   5.4465E+01
   2.6753E+00   5.4466E+01
   2.6753E+00   5.4467E+01
   2.6753E+00   5.4469E+01
   2.6753E+00   5.4471E+01
   2.6753E+00   5.4473E+01
   2.6753E+00   5.4476E+01
   2.6753E+00   5.4480E+01
   2.6753E+00   5.4485E+01
   2.6753E+00   5.4490E+01
   2.6753E+00   5.4497E+01
   2.6753E+00   5.4504E+01
   2.6753E+00   5.4514E+01
   2.6753E+00   5.4526E+01
   2.6753E+00   5.4541E+01
   2.6753E+00   5.4560E+01
   2.6754E+00   5.4586E+01
   2.6754E+00   5.4612E+01
   2.6754E+00   5.4638E+01
   2.6754E+00   5.4645E+01
   2.6755E+00   5.4646E+01
   2.6755E+00   5.4647E+01
   2.6755E+00   5.4648E+01
   2.6755E+00   5.4649E+01
   2.6755E+00   5.4651E+01
   2.6755E+00   5.4652E+01
   2.6756E+00   5.4654E+01
   2.6756E+00   5.4655E+01
   2.6756E+00   5.4657E+01
   2.6757E+00   5.4658E+01
   2.6757E+00   5.4659E+01
   2.6757E+00   5.4660E+01
   2.6757E+00   5.4660E+01
   2.6757E+00   5.4660E+01
   2.6757E+00   5.4660E+01
   2.6757E+00   5.4660E+01
   2.6757E+00   5.4661E+01
   2.6757E+00   5.4661E+01
   2.6757E+00   5.4661E+01
   2.6757E+00   5.4663E+01
   2.6757E+00   5.4663E+01
   2.6757E+00   5.4663E+01
   2.6757E+00   5.4663E+01
   2.6758E+00   5.4663E+01
   2.6758E+00   5.4663E+01
   2.6758E+00   5.4663E+01
   2.6758E+00   5.4664E+01
   2.6758E+00   5.4665E+01
   2.6758E+00   5.4665E+01
   2.6758E+00   5.4665E+01
   2.6758E+00   5.4666E+01
   2.6758E+00   5.4666E+01
   2.6758E+00   5.4667E+01
   2.6758E+00   5.4668E+01
   2.6758E+00   5.4669E+01
   2.6758E+00   5.4670E+01
   2.6758E+00   5.4671E+01
   2.6758E+00   5.4673E+01
   2.6759E+00   5.4676E+01
   2.6759E+00   5.4679E+01
   2.6759E+00   5.4679E+01
   2.6759E+00   5.4680E+01
   2.6760E+00   5.4681E+01
   2.6760E+00   5.4683E+01
   2.6760E+00   5.4684E+01
   2.6760E+00   5.4687E+01
   2.6760E+00   5.4687E+01
   2.6760E+00   5.4687E+01
   2.6760E+00   5.4688E+01
   2.6760E+00   5.4688E+01
   2.6761E+00   5.4690E+01
   2.6761E+00   5.4691E+01
   2.6761E+00   5.4693E+01
   2.6761E+00   5.4693E+01
   2.6761E+00   5.4694E+01
   2.6762E+00   5.4696E+01
   2.6762E+00   5.4700E+01
   2.6763E+00   5.4706E+01
   2.6764E+00   5.4717E+01
   2.6766E+00   5.4729E+01
   2.6769E+00   5.4743E+01
   2.6774E+00   5.4756E+01
   2.6780E+00   5.4763E+01
   2.6783E+00   5.4771E+01
   2.6787E+00   5.4776E+01
   2.6792E+00   5.4777E+01
   2.6800E+00   5.4765E+01
   2.6812E+00   5.4722E+01
   2.6832E+00   5.4609E+01
   2.6833E+00   5.4608E+01
   2.6834E+00   5.4608E+01
   2.6834E+00   5.4608E+01
   2.6834E+00   5.4609E+01
   2.6834E+00   5.4609E+01
   2.6834E+00   5.4610E+01
   2.6834E+00   5.4610E+01
   2.6834E+00   5.4611E+01
   2.6834E+00   5.4611E+01
   2.6834E+00   5.4611E+01
   2.6835E+00   5.4612E+01
   2.6835E+00   5.4612E+01
   2.6835E+00   5.4612E+01
   2.6835E+00   5.4613E+01
   2.6836E+00   5.4613E+01
   2.6836E+00   5.4614E+01
   2.6837E+00   5.4615E+01
   2.6837E+00   5.4617E+01
   2.6838E+00   5.4619E+01
   2.6839E+00   5.4621E+01
   2.6841E+00   5.4622E+01
   2.6844E+00   5.4621E+01
   2.6848E+00   5.4616E+01
   2.6853E+00   5.4602E+01
   2.6858E+00   5.4583E+01
   2.6867E+00   5.4543E+01
   2.6880E+00   5.4455E+01
   2.6880E+00   5.4454E+01
   2.6880E+00   5.4456E+01
   2.6880E+00   5.4460E+01
   2.6881E+00   5.4460E+01
   2.6881E+00   5.4460E+01
   2.6881E+00   5.4460E+01
   2.6881E+00   5.4460E+01
   2.6881E+00   5.4460E+01
   2.6881E+00   5.4460E+01
   2.6881E+00   5.4460E+01
   2.6881E+00   5.4460E+01
   2.6881E+00   5.4460E+01
   2.6881E+00   5.4460E+01
   2.6881E+00   5.4460E+01
   2.6881E+00   5.4460E+01
   2.6881E+00   5.4460E+01
   2.6881E+00   5.4459E+01
   2.6881E+00   5.4459E+01
   2.6881E+00   5.4459E+01
   2.6881E+00   5.4458E+01
   2.6881E+00   5.4458E+01
   2.6881E+00   5.4458E+01
   2.6881E+00   5.4458E+01
   2.6881E+00   5.4458E+01
   2.6881E+00   5.4458E+01
   2.6881E+00   5.4457E+01
   2.6881E+00   5.4457E+01
   2.6881E+00   5.4457E+01
   2.6881E+00   5.4456E+01
   2.6881E+00   5.4455E+01
   2.6881E+00   5.4454E+01
   2.6882E+00   5.4452E+01
   2.6882E+00   5.4450E+01
   2.6882E+00   5.4450E+01
   2.6882E+00   5.4449E+01
   2.6883E+00   5.4449E+01
   2.6883E+00   5.4449E+01
   2.6883E+00   5.4448E+01
   2.6883E+00   5.4447E+01
   2.6883E+00   5.4446E+01
   2.6884E+00   5.4444E+01
   2.6884E+00   5.4441E+01
   2.6885E+00   5.4437E+01
   2.6886E+00   5.4430E+01
   2.6887E+00   5.4421E+01
   2.6888E+00   5.4415E+01
   2.6889E+00   5.4409E+01
   2.6890E+00   5.4400E+01
   2.6892E+00   5.4386E+01
   2.6895E+00   5.4365E+01
   2.6898E+00   5.4336E+01
   2.6903E+00   5.4299E+01
   2.6909E+00   5.4249E+01
   2.6916E+00   5.4190E+01
   2.6916E+00   5.4188E+01
   2.6916E+00   5.4187E+01
   2.6916E+00   5.4186E+01
   2.6916E+00   5.4185E+01
   2.6916E+00   5.4184E+01
   2.6916E+00   5.4184E+01
   2.6916E+00   5.4184E+01
   2.6916E+00   5.4184E+01
   2.6916E+00   5.4184E+01
   2.6917E+00   5.4184E+01
   2.6917E+00   5.4183E+01
   2.6917E+00   5.4183E+01
   2.6917E+00   5.4183E+01
   2.6917E+00   5.4183E+01
   2.6917E+00   5.4182E+01
   2.6917E+00   5.4182E+01
   2.6917E+00   5.4182E+01
   2.6917E+00   5.4182E+01
   2.6917E+00   5.4181E+01
   2.6917E+00   5.4181E+01
   2.6917E+00   5.4181E+01
   2.6917E+00   5.4180E+01
   2.6917E+00   5.4180E+01
   2.6917E+00   5.4179E+01
   2.6917E+00   5.4178E+01
   2.6917E+00   5.4176E+01
   2.6918E+00   5.4173E+01
   2.6918E+00   5.4167E+01
   2.6919E+00   5.4158E+01
   2.6921E+00   5.4146E+01
   2.6923E+00   5.4127E+01
   2.6923E+00   5.4126E+01
   2.6923E+00   5.4126E+01
   2.6924E+00   5.4125E+01
   2.6924E+00   5.4124E+01
   2.6924E+00   5.4123E+01
   2.6925E+00   5.4119E+01
   2.6925E+00   5.4113E+01
   2.6927E+00   5.4101E+01
   2.6929E+00   5.4080E+01
   2.6930E+00   5.4076E+01
   2.6930E+00   5.4073E+01
   2.6931E+00   5.4068E+01
   2.6932E+00   5.4059E+01
   2.6933E+00   5.4045E+01
   2.6936E+00   5.4017E+01
   2.6941E+00   5.3968E+01
   2.6950E+00   5.3878E+01
   2.6965E+00   5.3718E+01
   2.6992E+00   5.3437E+01
   2.7038E+00   5.3000E+01
   2.7113E+00   5.2411E+01
   2.7113E+00   5.2410E+01
   2.7113E+00   5.2410E+01
   2.7113E+00   5.2410E+01
   2.7113E+00   5.2410E+01
   2.7113E+00   5.2410E+01
   2.7113E+00   5.2410E+01
   2.7113E+00   5.2410E+01
   2.7113E+00   5.2410E+01
   2.7113E+00   5.2411E+01
   2.7113E+00   5.2411E+01
   2.7113E+00   5.2411E+01
   2.7113E+00   5.2411E+01
   2.7113E+00   5.2412E+01
   2.7113E+00   5.2412E+01
   2.7113E+00   5.2413E+01
   2.7113E+00   5.2414E+01
   2.7113E+00   5.2414E+01
   2.7113E+00   5.2413E+01
   2.7114E+00   5.2412E+01
   2.7114E+00   5.2410E+01
   2.7114E+00   5.2408E+01
   2.7114E+00   5.2405E+01
   2.7115E+00   5.2403E+01
   2.7115E+00   5.2400E+01
   2.7115E+00   5.2396E+01
   2.7115E+00   5.2393E+01
   2.7116E+00   5.2389E+01
   2.7116E+00   5.2384E+01
   2.7116E+00   5.2381E+01
   2.7116E+00   5.2380E+01
   2.7116E+00   5.2379E+01
   2.7117E+00   5.2378E+01
   2.7117E+00   5.2376E+01
   2.7117E+00   5.2373E+01
   2.7117E+00   5.2372E+01
   2.7117E+00   5.2370E+01
   2.7118E+00   5.2367E+01
   2.7118E+00   5.2364E+01
   2.7118E+00   5.2360E+01
   2.7119E+00   5.2354E+01
   2.7120E+00   5.2345E+01
   2.7121E+00   5.2334E+01
   2.7122E+00   5.2327E+01
   2.7123E+00   5.2314E+01
   2.7124E+00   5.2305E+01
   2.7125E+00   5.2296E+01
   2.7126E+00   5.2282E+01
   2.7129E+00   5.2258E+01
   2.7133E+00   5.2218E+01
   2.7140E+00   5.2152E+01
   2.7153E+00   5.2047E+01
   2.7176E+00   5.1885E+01
   2.7190E+00   5.1777E+01
   2.7208E+00   5.1648E+01
   2.7234E+00   5.1489E+01
   2.7274E+00   5.1284E+01
   2.7343E+00   5.1026E+01
   2.7343E+00   5.1025E+01
   2.7343E+00   5.1025E+01
   2.7343E+00   5.1025E+01
   2.7343E+00   5.1025E+01
   2.7343E+00   5.1025E+01
   2.7343E+00   5.1025E+01
   2.7343E+00   5.1025E+01
   2.7343E+00   5.1025E+01
   2.7343E+00   5.1025E+01
   2.7343E+00   5.1025E+01
   2.7343E+00   5.1025E+01
   2.7343E+00   5.1025E+01
   2.7343E+00   5.1025E+01
   2.7343E+00   5.1024E+01
   2.7343E+00   5.1024E+01
   2.7343E+00   5.1024E+01
   2.7343E+00   5.1023E+01
   2.7343E+00   5.1022E+01
   2.7343E+00   5.1021E+01
   2.7343E+00   5.1020E+01
   2.7343E+00   5.1019E+01
   2.7343E+00   5.1018E+01
   2.7344E+00   5.1016E+01
   2.7344E+00   5.1013E+01
   2.7344E+00   5.1013E+01
   2.7344E+00   5.1013E+01
   2.7344E+00   5.1012E+01
   2.7344E+00   5.1011E+01
   2.7344E+00   5.1010E+01
   2.7345E+00   5.1007E+01
   2.7345E+00   5.1004E+01
   2.7346E+00   5.0997E+01
   2.7347E+00   5.0986E+01
   2.7349E+00   5.0968E+01
   2.7352E+00   5.0943E+01
   2.7356E+00   5.0904E+01
   2.7364E+00   5.0842E+01
   2.7364E+00   5.0841E+01
   2.7364E+00   5.0840E+01
   2.7364E+00   5.0839E+01
   2.7364E+00   5.0840E+01
   2.7364E+00   5.0840E+01
   2.7364E+00   5.0840E+01
   2.7364E+00   5.0839E+01
   2.7364E+00   5.0838E+01
   2.7365E+00   5.0836E+01
   2.7365E+00   5.0834E+01
   2.7366E+00   5.0831E+01
   2.7368E+00   5.0824E+01
   2.7371E+00   5.0812E+01
   2.7376E+00   5.0790E+01
   2.7384E+00   5.0753E+01
   2.7384E+00   5.0752E+01
   2.7384E+00   5.0751E+01
   2.7384E+00   5.0750E+01
   2.7384E+00   5.0750E+01
   2.7384E+00   5.0750E+01
   2.7385E+00   5.0750E+01
   2.7385E+00   5.0750E+01
   2.7385E+00   5.0749E+01
   2.7385E+00   5.0749E+01
   2.7385E+00   5.0749E+01
   2.7385E+00   5.0748E+01
   2.7385E+00   5.0748E+01
   2.7385E+00   5.0748E+01
   2.7386E+00   5.0748E+01
   2.7386E+00   5.0748E+01
   2.7386E+00   5.0746E+01
   2.7386E+00   5.0745E+01
   2.7387E+00   5.0745E+01
   2.7388E+00   5.0745E+01
   2.7389E+00   5.0746E+01
   2.7392E+00   5.0750E+01
   2.7396E+00   5.0759E+01
   2.7396E+00   5.0759E+01
   2.7397E+00   5.0760E+01
   2.7397E+00   5.0760E+01
   2.7397E+00   5.0760E+01
   2.7397E+00   5.0760E+01
   2.7397E+00   5.0760E+01
   2.7397E+00   5.0760E+01
   2.7398E+00   5.0759E+01
   2.7398E+00   5.0758E+01
   2.7398E+00   5.0756E+01
   2.7399E+00   5.0753E+01
   2.7399E+00   5.0748E+01
   2.7400E+00   5.0741E+01
   2.7401E+00   5.0732E+01
   2.7403E+00   5.0716E+01
   2.7406E+00   5.0690E+01
   2.7412E+00   5.0644E+01
   2.7422E+00   5.0567E+01
   2.7440E+00   5.0442E+01
   2.7468E+00   5.0259E+01
   2.7516E+00   4.9983E+01
   2.7591E+00   4.9617E+01
   2.7666E+00   4.9279E+01
   2.7741E+00   4.8969E+01
   2.7816E+00   4.8687E+01
   2.7817E+00   4.8683E+01
   2.7817E+00   4.8682E+01
   2.7817E+00   4.8682E+01
   2.7817E+00   4.8683E+01
   2.7817E+00   4.8683E+01
   2.7817E+00   4.8683E+01
   2.7817E+00   4.8683E+01
   2.7817E+00   4.8683E+01
   2.7817E+00   4.8683E+01
   2.7817E+00   4.8683E+01
   2.7817E+00   4.8683E+01
   2.7817E+00   4.8683E+01
   2.7817E+00   4.8684E+01
   2.7817E+00   4.8684E+01
   2.7817E+00   4.8684E+01
   2.7817E+00   4.8684E+01
   2.7817E+00   4.8683E+01
   2.7817E+00   4.8682E+01
   2.7818E+00   4.8681E+01
   2.7818E+00   4.8680E+01
   2.7818E+00   4.8678E+01
   2.7819E+00   4.8677E+01
   2.7819E+00   4.8677E+01
   2.7819E+00   4.8679E+01
   2.7820E+00   4.8680E+01
   2.7821E+00   4.8681E+01
   2.7821E+00   4.8683E+01
   2.7821E+00   4.8683E+01
   2.7821E+00   4.8683E+01
   2.7821E+00   4.8683E+01
   2.7822E+00   4.8683E+01
   2.7822E+00   4.8683E+01
   2.7822E+00   4.8684E+01
   2.7822E+00   4.8684E+01
   2.7822E+00   4.8684E+01
   2.7822E+00   4.8684E+01
   2.7822E+00   4.8684E+01
   2.7822E+00   4.8684E+01
   2.7822E+00   4.8684E+01
   2.7822E+00   4.8684E+01
   2.7822E+00   4.8684E+01
   2.7822E+00   4.8684E+01
   2.7822E+00   4.8684E+01
   2.7822E+00   4.8685E+01
   2.7822E+00   4.8685E+01
   2.7823E+00   4.8685E+01
   2.7823E+00   4.8686E+01
   2.7824E+00   4.8687E+01
   2.7824E+00   4.8688E+01
   2.7824E+00   4.8688E+01
   2.7825E+00   4.8688E+01
   2.7825E+00   4.8688E+01
   2.7825E+00   4.8688E+01
   2.7825E+00   4.8688E+01
   2.7825E+00   4.8688E+01
   2.7825E+00   4.8688E+01
   2.7825E+00   4.8688E+01
   2.7825E+00   4.8688E+01
   2.7825E+00   4.8688E+01
   2.7825E+00   4.8688E+01
   2.7825E+00   4.8688E+01
   2.7825E+00   4.8688E+01
   2.7825E+00   4.8688E+01
   2.7825E+00   4.8688E+01
   2.7825E+00   4.8687E+01
   2.7826E+00   4.8686E+01
   2.7826E+00   4.8684E+01
   2.7826E+00   4.8682E+01
   2.7827E+00   4.8678E+01
   2.7828E+00   4.8677E+01
   2.7828E+00   4.8677E+01
   2.7828E+00   4.8676E+01
   2.7828E+00   4.8675E+01
   2.7829E+00   4.8673E+01
   2.7829E+00   4.8670E+01
   2.7830E+00   4.8665E+01
   2.7833E+00   4.8657E+01
   2.7836E+00   4.8642E+01
   2.7843E+00   4.8618E+01
   2.7854E+00   4.8578E+01
   2.7867E+00   4.8529E+01
   2.7890E+00   4.8455E+01
   2.7929E+00   4.8294E+01
   2.7961E+00   4.8161E+01
   2.8006E+00   4.7994E+01
   2.8081E+00   4.7761E+01
   2.8156E+00   4.7549E+01
   2.8231E+00   4.7359E+01
   2.8306E+00   4.7188E+01
   2.8307E+00   4.7187E+01
   2.8307E+00   4.7187E+01
   2.8307E+00   4.7187E+01
   2.8307E+00   4.7187E+01
   2.8307E+00   4.7188E+01
   2.8307E+00   4.7188E+01
   2.8307E+00   4.7188E+01
   2.8307E+00   4.7188E+01
   2.8307E+00   4.7188E+01
   2.8307E+00   4.7188E+01
   2.8307E+00   4.7188E+01
   2.8307E+00   4.7188E+01
   2.8307E+00   4.7189E+01
   2.8307E+00   4.7189E+01
   2.8307E+00   4.7188E+01
   2.8307E+00   4.7188E+01
   2.8307E+00   4.7188E+01
   2.8308E+00   4.7187E+01
   2.8308E+00   4.7186E+01
   2.8308E+00   4.7185E+01
   2.8308E+00   4.7184E+01
   2.8309E+00   4.7183E+01
   2.8310E+00   4.7182E+01
   2.8310E+00   4.7181E+01
   2.8311E+00   4.7179E+01
   2.8312E+00   4.7178E+01
   2.8312E+00   4.7176E+01
   2.8312E+00   4.7176E+01
   2.8312E+00   4.7176E+01
   2.8313E+00   4.7176E+01
   2.8313E+00   4.7175E+01
   2.8313E+00   4.7175E+01
   2.8313E+00   4.7174E+01
   2.8314E+00   4.7179E+01
   2.8314E+00   4.7185E+01
   2.8315E+00   4.7194E+01
   2.8315E+00   4.7203E+01
   2.8316E+00   4.7208E+01
   2.8317E+00   4.7215E+01
   2.8318E+00   4.7227E+01
   2.8319E+00   4.7239E+01
   2.8321E+00   4.7256E+01
   2.8324E+00   4.7284E+01
   2.8330E+00   4.7327E+01
   2.8339E+00   4.7389E+01
   2.8355E+00   4.7477E+01
   2.8365E+00   4.7529E+01
   2.8375E+00   4.7577E+01
   2.8394E+00   4.7648E+01
   2.8426E+00   4.7757E+01
   2.8481E+00   4.7932E+01
   2.8556E+00   4.8161E+01
   2.8631E+00   4.8384E+01
   2.8632E+00   4.8371E+01
   2.8633E+00   4.8367E+01
   2.8633E+00   4.8366E+01
   2.8633E+00   4.8366E+01
   2.8633E+00   4.8365E+01
   2.8633E+00   4.8363E+01
   2.8633E+00   4.8361E+01
   2.8633E+00   4.8360E+01
   2.8633E+00   4.8359E+01
   2.8633E+00   4.8357E+01
   2.8634E+00   4.8356E+01
   2.8634E+00   4.8353E+01
   2.8634E+00   4.8349E+01
   2.8635E+00   4.8345E+01
   2.8635E+00   4.8340E+01
   2.8635E+00   4.8336E+01
   2.8636E+00   4.8333E+01
   2.8636E+00   4.8331E+01
   2.8636E+00   4.8330E+01
   2.8636E+00   4.8329E+01
   2.8636E+00   4.8328E+01
   2.8636E+00   4.8328E+01
   2.8636E+00   4.8326E+01
   2.8637E+00   4.8324E+01
   2.8637E+00   4.8320E+01
   2.8638E+00   4.8315E+01
   2.8639E+00   4.8309E+01
   2.8641E+00   4.8301E+01
   2.8644E+00   4.8290E+01
   2.8647E+00   4.8283E+01
   2.8650E+00   4.8277E+01
   2.8652E+00   4.8272E+01
   2.8654E+00   4.8266E+01
   2.8659E+00   4.8258E+01
   2.8662E+00   4.8252E+01
   2.8664E+00   4.8247E+01
   2.8668E+00   4.8239E+01
   2.8672E+00   4.8233E+01
   2.8677E+00   4.8225E+01
   2.8684E+00   4.8217E+01
   2.8689E+00   4.8211E+01
   2.8690E+00   4.8210E+01
   2.8691E+00   4.8208E+01
   2.8692E+00   4.8206E+01
   2.8693E+00   4.8201E+01
   2.8693E+00   4.8196E+01
   2.8694E+00   4.8191E+01
   2.8695E+00   4.8184E+01
   2.8696E+00   4.8179E+01
   2.8696E+00   4.8178E+01
   2.8696E+00   4.8177E+01
   2.8696E+00   4.8176E+01
   2.8697E+00   4.8174E+01
   2.8697E+00   4.8172E+01
   2.8698E+00   4.8167E+01
   2.8698E+00   4.8167E+01
   2.8698E+00   4.8166E+01
   2.8698E+00   4.8164E+01
   2.8698E+00   4.8163E+01
   2.8698E+00   4.8163E+01
   2.8699E+00   4.8163E+01
   2.8699E+00   4.8163E+01
   2.8699E+00   4.8163E+01
   2.8699E+00   4.8163E+01
   2.8699E+00   4.8162E+01
   2.8699E+00   4.8162E+01
   2.8699E+00   4.8163E+01
   2.8699E+00   4.8163E+01
   2.8700E+00   4.8163E+01
   2.8700E+00   4.8164E+01
   2.8701E+00   4.8165E+01
   2.8703E+00   4.8166E+01
   2.8706E+00   4.8168E+01
   2.8710E+00   4.8175E+01
   2.8719E+00   4.8191E+01
   2.8730E+00   4.8218E+01
   2.8736E+00   4.8233E+01
   2.8747E+00   4.8263E+01
   2.8747E+00   4.8263E+01
   2.8747E+00   4.8263E+01
   2.8747E+00   4.8263E+01
   2.8747E+00   4.8262E+01
   2.8747E+00   4.8261E+01
   2.8747E+00   4.8261E+01
   2.8747E+00   4.8260E+01
   2.8748E+00   4.8259E+01
   2.8748E+00   4.8258E+01
   2.8748E+00   4.8258E+01
   2.8748E+00   4.8257E+01
   2.8748E+00   4.8257E+01
   2.8748E+00   4.8256E+01
   2.8749E+00   4.8256E+01
   2.8749E+00   4.8255E+01
   2.8749E+00   4.8255E+01
   2.8750E+00   4.8255E+01
   2.8750E+00   4.8254E+01
   2.8751E+00   4.8254E+01
   2.8752E+00   4.8254E+01
   2.8754E+00   4.8256E+01
   2.8758E+00   4.8260E+01
   2.8764E+00   4.8273E+01
   2.8768E+00   4.8279E+01
   2.8774E+00   4.8292E+01
   2.8782E+00   4.8318E+01
   2.8797E+00   4.8370E+01
   2.8822E+00   4.8468E+01
   2.8866E+00   4.8635E+01
   2.8866E+00   4.8636E+01
   2.8866E+00   4.8636E+01
   2.8866E+00   4.8636E+01
   2.8866E+00   4.8636E+01
   2.8866E+00   4.8636E+01
   2.8866E+00   4.8637E+01
   2.8867E+00   4.8637E+01
   2.8867E+00   4.8637E+01
   2.8867E+00   4.8637E+01
   2.8867E+00   4.8637E+01
   2.8867E+00   4.8637E+01
   2.8867E+00   4.8637E+01
   2.8868E+00   4.8637E+01
   2.8868E+00   4.8637E+01
   2.8869E+00   4.8638E+01
   2.8870E+00   4.8639E+01
   2.8870E+00   4.8639E+01
   2.8871E+00   4.8639E+01
   2.8871E+00   4.8640E+01
   2.8871E+00   4.8640E+01
   2.8872E+00   4.8641E+01
   2.8873E+00   4.8643E+01
   2.8874E+00   4.8645E+01
   2.8877E+00   4.8647E+01
   2.8877E+00   4.8647E+01
   2.8877E+00   4.8648E+01
   2.8878E+00   4.8648E+01
   2.8878E+00   4.8649E+01
   2.8878E+00   4.8649E+01
   2.8878E+00   4.8649E+01
   2.8878E+00   4.8649E+01
   2.8878E+00   4.8649E+01
   2.8878E+00   4.8649E+01
   2.8878E+00   4.8649E+01
   2.8878E+00   4.8649E+01
   2.8878E+00   4.8649E+01
   2.8878E+00   4.8649E+01
   2.8878E+00   4.8650E+01
   2.8878E+00   4.8650E+01
   2.8879E+00   4.8650E+01
   2.8879E+00   4.8651E+01
   2.8879E+00   4.8651E+01
   2.8879E+00   4.8651E+01
   2.8880E+00   4.8651E+01
   2.8880E+00   4.8652E+01
   2.8881E+00   4.8653E+01
   2.8883E+00   4.8655E+01
   2.8886E+00   4.8658E+01
   2.8892E+00   4.8662E+01
   2.8901E+00   4.8666E+01
   2.8917E+00   4.8669E+01
   2.8945E+00   4.8669E+01
   2.8976E+00   4.8664E+01
   2.8982E+00   4.8663E+01
   2.8987E+00   4.8662E+01
   2.8995E+00   4.8660E+01
   2.9009E+00   4.8656E+01
   2.9034E+00   4.8646E+01
   2.9048E+00   4.8640E+01
   2.9072E+00   4.8626E+01
   2.9114E+00   4.8599E+01
   2.9158E+00   4.8749E+01
   2.9181E+00   4.8825E+01
   2.9216E+00   4.8919E+01
   2.9220E+00   4.8930E+01
   2.9223E+00   4.8932E+01
   2.9223E+00   4.8932E+01
   2.9223E+00   4.8931E+01
   2.9223E+00   4.8931E+01
   2.9223E+00   4.8930E+01
   2.9223E+00   4.8930E+01
   2.9224E+00   4.8929E+01
   2.9224E+00   4.8929E+01
   2.9224E+00   4.8928E+01
   2.9224E+00   4.8927E+01
   2.9224E+00   4.8926E+01
   2.9225E+00   4.8925E+01
   2.9225E+00   4.8924E+01
   2.9226E+00   4.8922E+01
   2.9226E+00   4.8921E+01
   2.9226E+00   4.8921E+01
   2.9226E+00   4.8920E+01
   2.9227E+00   4.8919E+01
   2.9227E+00   4.8918E+01
   2.9227E+00   4.8917E+01
   2.9228E+00   4.8916E+01
   2.9228E+00   4.8915E+01
   2.9229E+00   4.8914E+01
   2.9229E+00   4.8914E+01
   2.9229E+00   4.8914E+01
   2.9229E+00   4.8914E+01
   2.9229E+00   4.8914E+01
   2.9229E+00   4.8914E+01
   2.9229E+00   4.8913E+01
   2.9229E+00   4.8913E+01
   2.9229E+00   4.8913E+01
   2.9229E+00   4.8913E+01
   2.9229E+00   4.8913E+01
   2.9229E+00   4.8913E+01
   2.9229E+00   4.8913E+01
   2.9229E+00   4.8912E+01
   2.9229E+00   4.8912E+01
   2.9230E+00   4.8911E+01
   2.9230E+00   4.8910E+01
   2.9231E+00   4.8909E+01
   2.9232E+00   4.8908E+01
   2.9233E+00   4.8906E+01
   2.9235E+00   4.8903E+01
   2.9239E+00   4.8898E+01
   2.9245E+00   4.8890E+01
   2.9245E+00   4.8890E+01
   2.9245E+00   4.8890E+01
   2.9245E+00   4.8890E+01
   2.9245E+00   4.8890E+01
   2.9245E+00   4.8890E+01
   2.9245E+00   4.8890E+01
   2.9245E+00   4.8890E+01
   2.9245E+00   4.8890E+01
   2.9245E+00   4.8890E+01
   2.9245E+00   4.8890E+01
   2.9245E+00   4.8890E+01
   2.9245E+00   4.8890E+01
   2.9245E+00   4.8890E+01
   2.9245E+00   4.8890E+01
   2.9245E+00   4.8890E+01
   2.9245E+00   4.8890E+01
   2.9245E+00   4.8890E+01
   2.9245E+00   4.8890E+01
   2.9245E+00   4.8890E+01
   2.9245E+00   4.8889E+01
   2.9245E+00   4.8889E+01
   2.9245E+00   4.8889E+01
   2.9246E+00   4.8889E+01
   2.9246E+00   4.8888E+01
   2.9247E+00   4.8888E+01
   2.9248E+00   4.8888E+01
   2.9250E+00   4.8889E+01
   2.9252E+00   4.8890E+01
   2.9252E+00   4.8890E+01
   2.9252E+00   4.8890E+01
   2.9253E+00   4.8890E+01
   2.9253E+00   4.8890E+01
   2.9253E+00   4.8890E+01
   2.9254E+00   4.8890E+01
   2.9254E+00   4.8890E+01
   2.9256E+00   4.8892E+01
   2.9258E+00   4.8895E+01
   2.9262E+00   4.8903E+01
   2.9269E+00   4.8903E+01
   2.9275E+00   4.8903E+01
   2.9283E+00   4.8903E+01
   2.9294E+00   4.8902E+01
   2.9300E+00   4.8902E+01
   2.9311E+00   4.8901E+01
   2.9330E+00   4.8898E+01
   2.9340E+00   4.8896E+01
   2.9353E+00   4.8894E+01
   2.9373E+00   4.8891E+01
   2.9402E+00   4.8887E+01
   2.9454E+00   4.8880E+01
   2.9529E+00   4.8874E+01
   2.9530E+00   4.8874E+01
   2.9531E+00   4.8873E+01
   2.9532E+00   4.8873E+01
   2.9535E+00   4.8873E+01
   2.9536E+00   4.8873E+01
   2.9537E+00   4.8872E+01
   2.9537E+00   4.8872E+01
   2.9538E+00   4.8873E+01
   2.9538E+00   4.8874E+01
   2.9539E+00   4.8877E+01
   2.9541E+00   4.8882E+01
   2.9544E+00   4.8890E+01
   2.9549E+00   4.8904E+01
   2.9558E+00   4.8925E+01
   2.9560E+00   4.8931E+01
   2.9562E+00   4.8934E+01
   2.9562E+00   4.8935E+01
   2.9562E+00   4.8935E+01
   2.9562E+00   4.8935E+01
   2.9562E+00   4.8935E+01
   2.9562E+00   4.8935E+01
   2.9562E+00   4.8935E+01
   2.9562E+00   4.8935E+01
   2.9562E+00   4.8935E+01
   2.9562E+00   4.8935E+01
   2.9562E+00   4.8935E+01
   2.9562E+00   4.8935E+01
   2.9562E+00   4.8935E+01
   2.9562E+00   4.8935E+01
   2.9562E+00   4.8935E+01
   2.9562E+00   4.8935E+01
   2.9562E+00   4.8935E+01
   2.9562E+00   4.8935E+01
   2.9562E+00   4.8935E+01
   2.9562E+00   4.8935E+01
   2.9562E+00   4.8935E+01
   2.9562E+00   4.8935E+01
   2.9562E+00   4.8935E+01
   2.9562E+00   4.8935E+01
   2.9563E+00   4.8935E+01
   2.9563E+00   4.8935E+01
   2.9563E+00   4.8935E+01
   2.9563E+00   4.8935E+01
   2.9563E+00   4.8935E+01
   2.9563E+00   4.8935E+01
   2.9564E+00   4.8934E+01
   2.9564E+00   4.8934E+01
   2.9565E+00   4.8934E+01
   2.9567E+00   4.8933E+01
   2.9570E+00   4.8933E+01
   2.9574E+00   4.8932E+01
   2.9582E+00   4.8931E+01
   2.9583E+00   4.8930E+01
   2.9586E+00   4.8928E+01
   2.9587E+00   4.8927E+01
   2.9587E+00   4.8927E+01
   2.9588E+00   4.8925E+01
   2.9590E+00   4.8924E+01
   2.9591E+00   4.8923E+01
   2.9591E+00   4.8923E+01
   2.9591E+00   4.8923E+01
   2.9592E+00   4.8922E+01
   2.9593E+00   4.8921E+01
   2.9594E+00   4.8920E+01
   2.9597E+00   4.8917E+01
   2.9602E+00   4.8911E+01
   2.9610E+00   4.8901E+01
   2.9625E+00   4.8882E+01
   2.9650E+00   4.8845E+01
   2.9655E+00   4.8838E+01
   2.9659E+00   4.8833E+01
   2.9659E+00   4.8833E+01
   2.9659E+00   4.8833E+01
   2.9659E+00   4.8834E+01
   2.9659E+00   4.8834E+01
   2.9659E+00   4.8834E+01
   2.9659E+00   4.8834E+01
   2.9660E+00   4.8834E+01
   2.9660E+00   4.8834E+01
   2.9660E+00   4.8834E+01
   2.9660E+00   4.8834E+01
   2.9660E+00   4.8833E+01
   2.9661E+00   4.8833E+01
   2.9661E+00   4.8833E+01
   2.9661E+00   4.8833E+01
   2.9661E+00   4.8833E+01
   2.9661E+00   4.8833E+01
   2.9661E+00   4.8833E+01
   2.9662E+00   4.8833E+01
   2.9662E+00   4.8832E+01
   2.9663E+00   4.8832E+01
   2.9665E+00   4.8830E+01
   2.9669E+00   4.8839E+01
   2.9674E+00   4.8853E+01
   2.9674E+00   4.8853E+01
   2.9674E+00   4.8853E+01
   2.9674E+00   4.8853E+01
   2.9674E+00   4.8853E+01
   2.9674E+00   4.8853E+01
   2.9674E+00   4.8853E+01
   2.9674E+00   4.8853E+01
   2.9674E+00   4.8853E+01
   2.9674E+00   4.8854E+01
   2.9674E+00   4.8854E+01
   2.9674E+00   4.8854E+01
   2.9674E+00   4.8854E+01
   2.9674E+00   4.8854E+01
   2.9674E+00   4.8854E+01
   2.9674E+00   4.8854E+01
   2.9674E+00   4.8854E+01
   2.9674E+00   4.8854E+01
   2.9674E+00   4.8854E+01
   2.9674E+00   4.8854E+01
   2.9674E+00   4.8854E+01
   2.9675E+00   4.8854E+01
   2.9675E+00   4.8854E+01
   2.9676E+00   4.8854E+01
   2.9677E+00   4.8854E+01
   2.9678E+00   4.8854E+01
   2.9681E+00   4.8854E+01
   2.9684E+00   4.8854E+01
   2.9688E+00   4.8854E+01
   2.9694E+00   4.8853E+01
   2.9704E+00   4.8851E+01
   2.9721E+00   4.8845E+01
   2.9751E+00   4.8827E+01
   2.9786E+00   4.8802E+01
   2.9833E+00   4.8763E+01
   2.9908E+00   4.8694E+01
   2.9909E+00   4.8693E+01
   2.9911E+00   4.8693E+01
   2.9911E+00   4.8693E+01
   2.9911E+00   4.8693E+01
   2.9911E+00   4.8693E+01
   2.9911E+00   4.8693E+01
   2.9911E+00   4.8693E+01
   2.9911E+00   4.8693E+01
   2.9911E+00   4.8693E+01
   2.9911E+00   4.8693E+01
   2.9911E+00   4.8693E+01
   2.9911E+00   4.8693E+01
   2.9911E+00   4.8693E+01
   2.9911E+00   4.8693E+01
   2.9911E+00   4.8693E+01
   2.9911E+00   4.8693E+01
   2.9911E+00   4.8692E+01
   2.9911E+00   4.8692E+01
   2.9912E+00   4.8691E+01
   2.9912E+00   4.8690E+01
   2.9912E+00   4.8689E+01
   2.9913E+00   4.8689E+01
   2.9913E+00   4.8688E+01
   2.9913E+00   4.8687E+01
   2.9913E+00   4.8686E+01
   2.9914E+00   4.8684E+01
   2.9915E+00   4.8682E+01
   2.9915E+00   4.8681E+01
   2.9916E+00   4.8680E+01
   2.9916E+00   4.8678E+01
   2.9917E+00   4.8675E+01
   2.9917E+00   4.8675E+01
   2.9918E+00   4.8675E+01
   2.9918E+00   4.8675E+01
   2.9918E+00   4.8674E+01
   2.9918E+00   4.8674E+01
   2.9918E+00   4.8673E+01
   2.9918E+00   4.8673E+01
   2.9918E+00   4.8672E+01
   2.9919E+00   4.8671E+01
   2.9919E+00   4.8670E+01
   2.9920E+00   4.8669E+01
   2.9920E+00   4.8668E+01
   2.9921E+00   4.8665E+01
   2.9923E+00   4.8660E+01
   2.9927E+00   4.8653E+01
   2.9933E+00   4.8640E+01
   2.9936E+00   4.8633E+01
   2.9938E+00   4.8629E+01
   2.9938E+00   4.8629E+01
   2.9938E+00   4.8629E+01
   2.9938E+00   4.8629E+01
   2.9938E+00   4.8629E+01
   2.9938E+00   4.8629E+01
   2.9938E+00   4.8628E+01
   2.9939E+00   4.8628E+01
   2.9939E+00   4.8628E+01
   2.9939E+00   4.8628E+01
   2.9939E+00   4.8627E+01
   2.9939E+00   4.8627E+01
   2.9939E+00   4.8627E+01
   2.9939E+00   4.8627E+01
   2.9939E+00   4.8627E+01
   2.9939E+00   4.8627E+01
   2.9939E+00   4.8627E+01
   2.9939E+00   4.8627E+01
   2.9939E+00   4.8626E+01
   2.9940E+00   4.8625E+01
   2.9941E+00   4.8623E+01
   2.9942E+00   4.8620E+01
   2.9943E+00   4.8619E+01
   2.9943E+00   4.8618E+01
   2.9944E+00   4.8616E+01
   2.9945E+00   4.8614E+01
   2.9945E+00   4.8614E+01
   2.9945E+00   4.8614E+01
   2.9945E+00   4.8614E+01
   2.9945E+00   4.8613E+01
   2.9946E+00   4.8613E+01
   2.9946E+00   4.8612E+01
   2.9947E+00   4.8610E+01
   2.9948E+00   4.8607E+01
   2.9950E+00   4.8602E+01
   2.9951E+00   4.8602E+01
   2.9951E+00   4.8603E+01
   2.9951E+00   4.8603E+01
   2.9952E+00   4.8604E+01
   2.9952E+00   4.8604E+01
   2.9952E+00   4.8604E+01
   2.9952E+00   4.8605E+01
   2.9952E+00   4.8605E+01
   2.9952E+00   4.8605E+01
   2.9952E+00   4.8605E+01
   2.9952E+00   4.8605E+01
   2.9952E+00   4.8605E+01
   2.9952E+00   4.8605E+01
   2.9952E+00   4.8605E+01
   2.9953E+00   4.8605E+01
   2.9953E+00   4.8605E+01
   2.9953E+00   4.8605E+01
   2.9953E+00   4.8605E+01
   2.9953E+00   4.8605E+01
   2.9953E+00   4.8605E+01
   2.9953E+00   4.8604E+01
   2.9954E+00   4.8603E+01
   2.9955E+00   4.8602E+01
   2.9957E+00   4.8598E+01
   2.9960E+00   4.8594E+01
