# Trace from filein = ./62270a01                                                                                                                   
#   time        NEVAVO                                                                                                                       
   2.0000E+00   2.0959E+01
   2.0000E+00   2.1036E+01
   2.0000E+00   2.1120E+01
   2.0001E+00   2.1213E+01
   2.0001E+00   2.1312E+01
   2.0001E+00   2.1416E+01
   2.0001E+00   2.1524E+01
   2.0001E+00   2.1635E+01
   2.0001E+00   2.1747E+01
   2.0001E+00   2.1860E+01
   2.0001E+00   2.1973E+01
   2.0002E+00   2.2087E+01
   2.0002E+00   2.2200E+01
   2.0002E+00   2.2315E+01
   2.0002E+00   2.2433E+01
   2.0002E+00   2.2558E+01
   2.0002E+00   2.2692E+01
   2.0003E+00   2.2843E+01
   2.0003E+00   2.3021E+01
   2.0003E+00   2.3249E+01
   2.0003E+00   2.3543E+01
   2.0004E+00   2.3964E+01
   2.0005E+00   2.4315E+01
   2.0006E+00   2.4452E+01
   2.0007E+00   2.4438E+01
   2.0007E+00   2.4385E+01
   2.0008E+00   2.4331E+01
   2.0008E+00   2.4290E+01
   2.0009E+00   2.4262E+01
   2.0009E+00   2.4246E+01
   2.0010E+00   2.4236E+01
   2.0011E+00   2.4230E+01
   2.0011E+00   2.4225E+01
   2.0013E+00   2.4219E+01
   2.0014E+00   2.4210E+01
   2.0015E+00   2.4199E+01
   2.0017E+00   2.4185E+01
   2.0018E+00   2.4170E+01
   2.0020E+00   2.4152E+01
   2.0022E+00   2.4133E+01
   2.0024E+00   2.4131E+01
   2.0026E+00   2.4110E+01
   2.0028E+00   2.4083E+01
   2.0030E+00   2.4057E+01
   2.0031E+00   2.4036E+01
   2.0032E+00   2.4020E+01
   2.0033E+00   2.4006E+01
   2.0034E+00   2.3994E+01
   2.0035E+00   2.3982E+01
   2.0036E+00   2.3970E+01
   2.0038E+00   2.3956E+01
   2.0040E+00   2.3942E+01
   2.0041E+00   2.3927E+01
   2.0043E+00   2.3913E+01
   2.0044E+00   2.3900E+01
   2.0045E+00   2.3886E+01
   2.0047E+00   2.3871E+01
   2.0049E+00   2.3854E+01
   2.0053E+00   2.3835E+01
   2.0060E+00   2.3811E+01
   2.0072E+00   2.3732E+01
   2.0083E+00   2.3671E+01
   2.0099E+00   2.3613E+01
   2.0126E+00   2.3554E+01
   2.0172E+00   2.3480E+01
   2.0237E+00   2.3364E+01
   2.0312E+00   2.3172E+01
   2.0387E+00   2.2920E+01
   2.0462E+00   2.2640E+01
   2.0537E+00   2.2355E+01
   2.0593E+00   2.2127E+01
   2.0668E+00   2.1912E+01
   2.0742E+00   2.1744E+01
   2.0817E+00   2.1618E+01
   2.0893E+00   2.1516E+01
   2.0968E+00   2.1440E+01
   2.1036E+00   2.1380E+01
   2.1106E+00   2.1332E+01
   2.1181E+00   2.1285E+01
   2.1256E+00   2.1240E+01
   2.1266E+00   2.1245E+01
   2.1284E+00   2.1246E+01
   2.1288E+00   2.1238E+01
   2.1293E+00   2.1225E+01
   2.1295E+00   2.1219E+01
   2.1296E+00   2.1208E+01
   2.1297E+00   2.1200E+01
   2.1298E+00   2.1189E+01
   2.1300E+00   2.1177E+01
   2.1304E+00   2.1165E+01
   2.1311E+00   2.1154E+01
   2.1321E+00   2.1145E+01
   2.1340E+00   2.1131E+01
   2.1373E+00   2.1116E+01
   2.1430E+00   2.1093E+01
   2.1505E+00   2.1062E+01
   2.1580E+00   2.1017E+01
   2.1655E+00   2.0962E+01
   2.1730E+00   2.0900E+01
   2.1805E+00   2.0856E+01
   2.1880E+00   2.0839E+01
   2.1955E+00   2.0828E+01
   2.2030E+00   2.0812E+01
   2.2105E+00   2.0798E+01
   2.2180E+00   2.0776E+01
   2.2255E+00   2.0758E+01
   2.2330E+00   2.0736E+01
   2.2405E+00   2.0722E+01
   2.2480E+00   2.0706E+01
   2.2555E+00   2.0701E+01
   2.2630E+00   2.0694E+01
   2.2705E+00   2.0696E+01
   2.2780E+00   2.0695E+01
   2.2855E+00   2.0702E+01
   2.2930E+00   2.0703E+01
   2.3005E+00   2.0711E+01
   2.3080E+00   2.0713E+01
   2.3155E+00   2.0721E+01
   2.3230E+00   2.0723E+01
   2.3305E+00   2.0731E+01
   2.3380E+00   2.0813E+01
   2.3439E+00   2.0847E+01
   2.3514E+00   2.0848E+01
   2.3589E+00   2.0836E+01
   2.3664E+00   2.0819E+01
   2.3739E+00   2.0811E+01
   2.3814E+00   2.0812E+01
   2.3889E+00   2.0825E+01
   2.3964E+00   2.0847E+01
   2.4039E+00   2.0874E+01
   2.4114E+00   2.0904E+01
   2.4189E+00   2.0932E+01
   2.4264E+00   2.0956E+01
   2.4339E+00   2.0977E+01
   2.4414E+00   2.0993E+01
   2.4489E+00   2.1008E+01
   2.4564E+00   2.1019E+01
   2.4639E+00   2.1031E+01
   2.4714E+00   2.1041E+01
   2.4789E+00   2.1053E+01
   2.4864E+00   2.0950E+01
   2.4910E+00   2.0930E+01
   2.4941E+00   2.0959E+01
   2.4964E+00   2.1011E+01
   2.4989E+00   2.1059E+01
   2.5008E+00   2.1109E+01
   2.5008E+00   2.1109E+01
   2.5008E+00   2.1115E+01
   2.5008E+00   2.1121E+01
   2.5008E+00   2.1126E+01
   2.5008E+00   2.1127E+01
   2.5008E+00   2.1128E+01
   2.5008E+00   2.1129E+01
   2.5008E+00   2.1129E+01
   2.5008E+00   2.1129E+01
   2.5008E+00   2.1128E+01
   2.5008E+00   2.1127E+01
   2.5008E+00   2.1126E+01
   2.5008E+00   2.1126E+01
   2.5008E+00   2.1126E+01
   2.5008E+00   2.1129E+01
   2.5009E+00   2.1132E+01
   2.5010E+00   2.1134E+01
   2.5012E+00   2.1135E+01
   2.5013E+00   2.1135E+01
   2.5015E+00   2.1132E+01
   2.5018E+00   2.1129E+01
   2.5018E+00   2.1129E+01
   2.5019E+00   2.1122E+01
   2.5019E+00   2.1119E+01
   2.5020E+00   2.1116E+01
   2.5020E+00   2.1114E+01
   2.5021E+00   2.1113E+01
   2.5024E+00   2.1113E+01
   2.5027E+00   2.1113E+01
   2.5034E+00   2.1112E+01
   2.5043E+00   2.1111E+01
   2.5055E+00   2.1105E+01
   2.5069E+00   2.1096E+01
   2.5083E+00   2.1084E+01
   2.5104E+00   2.1014E+01
   2.5131E+00   2.0976E+01
   2.5159E+00   2.0971E+01
   2.5177E+00   2.0998E+01
   2.5190E+00   2.1035E+01
   2.5201E+00   2.1074E+01
   2.5205E+00   2.1088E+01
   2.5213E+00   2.1111E+01
   2.5225E+00   2.1131E+01
   2.5241E+00   2.1152E+01
   2.5249E+00   2.1160E+01
   2.5264E+00   2.1161E+01
   2.5284E+00   2.1161E+01
   2.5284E+00   2.1161E+01
   2.5284E+00   2.1161E+01
   2.5284E+00   2.1161E+01
   2.5284E+00   2.1161E+01
   2.5284E+00   2.1161E+01
   2.5284E+00   2.1161E+01
   2.5284E+00   2.1160E+01
   2.5284E+00   2.1160E+01
   2.5284E+00   2.1159E+01
   2.5284E+00   2.1158E+01
   2.5284E+00   2.1156E+01
   2.5284E+00   2.1154E+01
   2.5285E+00   2.1153E+01
   2.5285E+00   2.1152E+01
   2.5286E+00   2.1152E+01
   2.5287E+00   2.1153E+01
   2.5289E+00   2.1155E+01
   2.5290E+00   2.1154E+01
   2.5292E+00   2.1156E+01
   2.5292E+00   2.1155E+01
   2.5293E+00   2.1157E+01
   2.5293E+00   2.1157E+01
   2.5293E+00   2.1158E+01
   2.5293E+00   2.1158E+01
   2.5294E+00   2.1158E+01
   2.5294E+00   2.1158E+01
   2.5294E+00   2.1158E+01
   2.5294E+00   2.1158E+01
   2.5294E+00   2.1158E+01
   2.5294E+00   2.1157E+01
   2.5294E+00   2.1159E+01
   2.5294E+00   2.1160E+01
   2.5295E+00   2.1158E+01
   2.5295E+00   2.1157E+01
   2.5296E+00   2.1157E+01
   2.5297E+00   2.1159E+01
   2.5299E+00   2.1161E+01
   2.5302E+00   2.1163E+01
   2.5305E+00   2.1166E+01
   2.5308E+00   2.1167E+01
   2.5312E+00   2.1170E+01
   2.5315E+00   2.1171E+01
   2.5320E+00   2.1174E+01
   2.5326E+00   2.1177E+01
   2.5335E+00   2.1182E+01
   2.5351E+00   2.1187E+01
   2.5379E+00   2.1197E+01
   2.5426E+00   2.1208E+01
   2.5501E+00   2.1233E+01
   2.5576E+00   2.1265E+01
   2.5578E+00   2.1265E+01
   2.5578E+00   2.1270E+01
   2.5578E+00   2.1275E+01
   2.5578E+00   2.1281E+01
   2.5578E+00   2.1287E+01
   2.5578E+00   2.1292E+01
   2.5578E+00   2.1299E+01
   2.5578E+00   2.1307E+01
   2.5578E+00   2.1317E+01
   2.5578E+00   2.1328E+01
   2.5578E+00   2.1341E+01
   2.5578E+00   2.1357E+01
   2.5578E+00   2.1375E+01
   2.5578E+00   2.1388E+01
   2.5578E+00   2.1399E+01
   2.5578E+00   2.1402E+01
   2.5578E+00   2.1401E+01
   2.5579E+00   2.1398E+01
   2.5579E+00   2.1394E+01
   2.5579E+00   2.1390E+01
   2.5579E+00   2.1388E+01
   2.5579E+00   2.1387E+01
   2.5579E+00   2.1388E+01
   2.5580E+00   2.1390E+01
   2.5580E+00   2.1392E+01
   2.5580E+00   2.1394E+01
   2.5580E+00   2.1394E+01
   2.5580E+00   2.1393E+01
   2.5580E+00   2.1392E+01
   2.5580E+00   2.1390E+01
   2.5580E+00   2.1389E+01
   2.5581E+00   2.1390E+01
   2.5581E+00   2.1392E+01
   2.5582E+00   2.1395E+01
   2.5583E+00   2.1397E+01
   2.5584E+00   2.1399E+01
   2.5585E+00   2.1400E+01
   2.5586E+00   2.1401E+01
   2.5588E+00   2.1398E+01
   2.5590E+00   2.1396E+01
   2.5593E+00   2.1394E+01
   2.5599E+00   2.1395E+01
   2.5599E+00   2.1395E+01
   2.5600E+00   2.1396E+01
   2.5601E+00   2.1394E+01
   2.5602E+00   2.1397E+01
   2.5603E+00   2.1396E+01
   2.5605E+00   2.1399E+01
   2.5605E+00   2.1399E+01
   2.5605E+00   2.1398E+01
   2.5605E+00   2.1396E+01
   2.5605E+00   2.1393E+01
   2.5605E+00   2.1391E+01
   2.5606E+00   2.1390E+01
   2.5607E+00   2.1390E+01
   2.5608E+00   2.1392E+01
   2.5610E+00   2.1395E+01
   2.5614E+00   2.1398E+01
   2.5621E+00   2.1399E+01
   2.5633E+00   2.1401E+01
   2.5633E+00   2.1401E+01
   2.5633E+00   2.1401E+01
   2.5633E+00   2.1401E+01
   2.5633E+00   2.1401E+01
   2.5633E+00   2.1400E+01
   2.5633E+00   2.1399E+01
   2.5633E+00   2.1398E+01
   2.5633E+00   2.1397E+01
   2.5633E+00   2.1394E+01
   2.5633E+00   2.1391E+01
   2.5633E+00   2.1389E+01
   2.5634E+00   2.1388E+01
   2.5635E+00   2.1388E+01
   2.5636E+00   2.1388E+01
   2.5636E+00   2.1387E+01
   2.5636E+00   2.1386E+01
   2.5636E+00   2.1386E+01
   2.5636E+00   2.1385E+01
   2.5636E+00   2.1384E+01
   2.5637E+00   2.1381E+01
   2.5637E+00   2.1379E+01
   2.5637E+00   2.1378E+01
   2.5638E+00   2.1377E+01
   2.5638E+00   2.1378E+01
   2.5639E+00   2.1380E+01
   2.5640E+00   2.1383E+01
   2.5643E+00   2.1386E+01
   2.5646E+00   2.1390E+01
   2.5652E+00   2.1395E+01
   2.5663E+00   2.1393E+01
   2.5675E+00   2.1403E+01
   2.5677E+00   2.1403E+01
   2.5680E+00   2.1411E+01
   2.5686E+00   2.1426E+01
   2.5690E+00   2.1425E+01
   2.5695E+00   2.1427E+01
   2.5704E+00   2.1433E+01
   2.5719E+00   2.1441E+01
   2.5744E+00   2.1452E+01
   2.5788E+00   2.1455E+01
   2.5837E+00   2.1550E+01
   2.5838E+00   2.1550E+01
   2.5839E+00   2.1538E+01
   2.5839E+00   2.1536E+01
   2.5839E+00   2.1532E+01
   2.5840E+00   2.1526E+01
   2.5840E+00   2.1522E+01
   2.5840E+00   2.1517E+01
   2.5840E+00   2.1514E+01
   2.5840E+00   2.1511E+01
   2.5840E+00   2.1507E+01
   2.5840E+00   2.1502E+01
   2.5841E+00   2.1498E+01
   2.5842E+00   2.1493E+01
   2.5843E+00   2.1490E+01
   2.5844E+00   2.1488E+01
   2.5847E+00   2.1488E+01
   2.5849E+00   2.1489E+01
   2.5851E+00   2.1492E+01
   2.5853E+00   2.1494E+01
   2.5857E+00   2.1496E+01
   2.5859E+00   2.1497E+01
   2.5861E+00   2.1499E+01
   2.5865E+00   2.1498E+01
   2.5869E+00   2.1503E+01
   2.5869E+00   2.1503E+01
   2.5869E+00   2.1502E+01
   2.5869E+00   2.1502E+01
   2.5869E+00   2.1502E+01
   2.5869E+00   2.1502E+01
   2.5869E+00   2.1501E+01
   2.5869E+00   2.1500E+01
   2.5869E+00   2.1499E+01
   2.5869E+00   2.1498E+01
   2.5870E+00   2.1498E+01
   2.5870E+00   2.1497E+01
   2.5870E+00   2.1498E+01
   2.5870E+00   2.1498E+01
   2.5870E+00   2.1499E+01
   2.5870E+00   2.1498E+01
   2.5870E+00   2.1499E+01
   2.5870E+00   2.1499E+01
   2.5870E+00   2.1499E+01
   2.5870E+00   2.1498E+01
   2.5870E+00   2.1498E+01
   2.5870E+00   2.1498E+01
   2.5870E+00   2.1498E+01
   2.5870E+00   2.1498E+01
   2.5870E+00   2.1498E+01
   2.5870E+00   2.1498E+01
   2.5870E+00   2.1497E+01
   2.5870E+00   2.1497E+01
   2.5870E+00   2.1496E+01
   2.5870E+00   2.1494E+01
   2.5870E+00   2.1493E+01
   2.5870E+00   2.1493E+01
   2.5871E+00   2.1493E+01
   2.5872E+00   2.1495E+01
   2.5873E+00   2.1497E+01
   2.5874E+00   2.1500E+01
   2.5876E+00   2.1520E+01
   2.5879E+00   2.1524E+01
   2.5884E+00   2.1511E+01
   2.5884E+00   2.1510E+01
   2.5885E+00   2.1501E+01
   2.5885E+00   2.1492E+01
   2.5885E+00   2.1487E+01
   2.5885E+00   2.1482E+01
   2.5885E+00   2.1478E+01
   2.5886E+00   2.1474E+01
   2.5886E+00   2.1470E+01
   2.5886E+00   2.1467E+01
   2.5886E+00   2.1464E+01
   2.5886E+00   2.1459E+01
   2.5886E+00   2.1452E+01
   2.5887E+00   2.1443E+01
   2.5887E+00   2.1435E+01
   2.5888E+00   2.1428E+01
   2.5889E+00   2.1422E+01
   2.5890E+00   2.1419E+01
   2.5891E+00   2.1418E+01
   2.5892E+00   2.1416E+01
   2.5892E+00   2.1412E+01
   2.5893E+00   2.1405E+01
   2.5895E+00   2.1396E+01
   2.5898E+00   2.1385E+01
   2.5904E+00   2.1371E+01
   2.5913E+00   2.1351E+01
   2.5929E+00   2.1321E+01
   2.5957E+00   2.1269E+01
   2.6006E+00   2.1192E+01
   2.6077E+00   2.1063E+01
   2.6152E+00   2.0835E+01
   2.6227E+00   2.0557E+01
   2.6302E+00   2.0284E+01
   2.6377E+00   2.0046E+01
   2.6452E+00   1.9842E+01
   2.6527E+00   1.9690E+01
   2.6602E+00   1.9594E+01
   2.6677E+00   1.9534E+01
   2.6752E+00   1.9192E+01
   2.6753E+00   1.9192E+01
   2.6753E+00   1.9195E+01
   2.6753E+00   1.9197E+01
   2.6753E+00   1.9199E+01
   2.6753E+00   1.9199E+01
   2.6753E+00   1.9199E+01
   2.6753E+00   1.9200E+01
   2.6753E+00   1.9200E+01
   2.6753E+00   1.9200E+01
   2.6753E+00   1.9200E+01
   2.6753E+00   1.9200E+01
   2.6753E+00   1.9201E+01
   2.6753E+00   1.9201E+01
   2.6753E+00   1.9201E+01
   2.6753E+00   1.9201E+01
   2.6753E+00   1.9201E+01
   2.6753E+00   1.9201E+01
   2.6753E+00   1.9201E+01
   2.6753E+00   1.9201E+01
   2.6753E+00   1.9201E+01
   2.6753E+00   1.9201E+01
   2.6753E+00   1.9201E+01
   2.6753E+00   1.9201E+01
   2.6753E+00   1.9201E+01
   2.6753E+00   1.9201E+01
   2.6753E+00   1.9202E+01
   2.6753E+00   1.9202E+01
   2.6753E+00   1.9202E+01
   2.6753E+00   1.9203E+01
   2.6753E+00   1.9204E+01
   2.6753E+00   1.9206E+01
   2.6753E+00   1.9209E+01
   2.6753E+00   1.9213E+01
   2.6753E+00   1.9218E+01
   2.6753E+00   1.9223E+01
   2.6753E+00   1.9230E+01
   2.6753E+00   1.9238E+01
   2.6753E+00   1.9248E+01
   2.6753E+00   1.9259E+01
   2.6753E+00   1.9276E+01
   2.6753E+00   1.9294E+01
   2.6753E+00   1.9316E+01
   2.6753E+00   1.9341E+01
   2.6753E+00   1.9372E+01
   2.6753E+00   1.9411E+01
   2.6753E+00   1.9458E+01
   2.6753E+00   1.9519E+01
   2.6753E+00   1.9597E+01
   2.6754E+00   1.9701E+01
   2.6754E+00   1.9805E+01
   2.6754E+00   1.9901E+01
   2.6754E+00   1.9919E+01
   2.6755E+00   1.9914E+01
   2.6755E+00   1.9912E+01
   2.6755E+00   1.9908E+01
   2.6755E+00   1.9903E+01
   2.6755E+00   1.9895E+01
   2.6755E+00   1.9889E+01
   2.6756E+00   1.9882E+01
   2.6756E+00   1.9875E+01
   2.6756E+00   1.9865E+01
   2.6757E+00   1.9861E+01
   2.6757E+00   1.9852E+01
   2.6757E+00   1.9849E+01
   2.6757E+00   1.9848E+01
   2.6757E+00   1.9847E+01
   2.6757E+00   1.9847E+01
   2.6757E+00   1.9846E+01
   2.6757E+00   1.9845E+01
   2.6757E+00   1.9844E+01
   2.6757E+00   1.9841E+01
   2.6757E+00   1.9839E+01
   2.6757E+00   1.9839E+01
   2.6757E+00   1.9839E+01
   2.6757E+00   1.9839E+01
   2.6758E+00   1.9839E+01
   2.6758E+00   1.9838E+01
   2.6758E+00   1.9838E+01
   2.6758E+00   1.9839E+01
   2.6758E+00   1.9839E+01
   2.6758E+00   1.9839E+01
   2.6758E+00   1.9839E+01
   2.6758E+00   1.9839E+01
   2.6758E+00   1.9839E+01
   2.6758E+00   1.9839E+01
   2.6758E+00   1.9839E+01
   2.6758E+00   1.9838E+01
   2.6758E+00   1.9839E+01
   2.6758E+00   1.9839E+01
   2.6758E+00   1.9840E+01
   2.6759E+00   1.9840E+01
   2.6759E+00   1.9839E+01
   2.6759E+00   1.9839E+01
   2.6759E+00   1.9840E+01
   2.6760E+00   1.9841E+01
   2.6760E+00   1.9842E+01
   2.6760E+00   1.9842E+01
   2.6760E+00   1.9842E+01
   2.6760E+00   1.9843E+01
   2.6760E+00   1.9843E+01
   2.6760E+00   1.9844E+01
   2.6760E+00   1.9845E+01
   2.6761E+00   1.9845E+01
   2.6761E+00   1.9846E+01
   2.6761E+00   1.9848E+01
   2.6761E+00   1.9845E+01
   2.6761E+00   1.9842E+01
   2.6762E+00   1.9841E+01
   2.6762E+00   1.9841E+01
   2.6763E+00   1.9843E+01
   2.6764E+00   1.9848E+01
   2.6766E+00   1.9861E+01
   2.6769E+00   1.9872E+01
   2.6774E+00   1.9883E+01
   2.6780E+00   1.9903E+01
   2.6783E+00   1.9902E+01
   2.6787E+00   1.9908E+01
   2.6792E+00   1.9920E+01
   2.6800E+00   1.9938E+01
   2.6812E+00   1.9964E+01
   2.6832E+00   2.0000E+01
   2.6833E+00   2.0001E+01
   2.6834E+00   2.0024E+01
   2.6834E+00   2.0028E+01
   2.6834E+00   2.0046E+01
   2.6834E+00   2.0053E+01
   2.6834E+00   2.0062E+01
   2.6834E+00   2.0073E+01
   2.6834E+00   2.0082E+01
   2.6834E+00   2.0089E+01
   2.6834E+00   2.0094E+01
   2.6835E+00   2.0096E+01
   2.6835E+00   2.0095E+01
   2.6835E+00   2.0093E+01
   2.6835E+00   2.0091E+01
   2.6836E+00   2.0090E+01
   2.6836E+00   2.0090E+01
   2.6837E+00   2.0092E+01
   2.6837E+00   2.0095E+01
   2.6838E+00   2.0096E+01
   2.6839E+00   2.0101E+01
   2.6841E+00   2.0108E+01
   2.6844E+00   2.0114E+01
   2.6848E+00   2.0123E+01
   2.6853E+00   2.0137E+01
   2.6858E+00   2.0145E+01
   2.6867E+00   2.0163E+01
   2.6880E+00   2.0191E+01
   2.6880E+00   2.0191E+01
   2.6880E+00   2.0201E+01
   2.6880E+00   2.0222E+01
   2.6881E+00   2.0243E+01
   2.6881E+00   2.0244E+01
   2.6881E+00   2.0247E+01
   2.6881E+00   2.0252E+01
   2.6881E+00   2.0260E+01
   2.6881E+00   2.0270E+01
   2.6881E+00   2.0278E+01
   2.6881E+00   2.0278E+01
   2.6881E+00   2.0278E+01
   2.6881E+00   2.0278E+01
   2.6881E+00   2.0278E+01
   2.6881E+00   2.0277E+01
   2.6881E+00   2.0277E+01
   2.6881E+00   2.0277E+01
   2.6881E+00   2.0276E+01
   2.6881E+00   2.0275E+01
   2.6881E+00   2.0275E+01
   2.6881E+00   2.0275E+01
   2.6881E+00   2.0275E+01
   2.6881E+00   2.0275E+01
   2.6881E+00   2.0275E+01
   2.6881E+00   2.0275E+01
   2.6881E+00   2.0275E+01
   2.6881E+00   2.0274E+01
   2.6881E+00   2.0274E+01
   2.6881E+00   2.0275E+01
   2.6881E+00   2.0276E+01
   2.6881E+00   2.0278E+01
   2.6882E+00   2.0280E+01
   2.6882E+00   2.0282E+01
   2.6882E+00   2.0281E+01
   2.6882E+00   2.0283E+01
   2.6883E+00   2.0282E+01
   2.6883E+00   2.0283E+01
   2.6883E+00   2.0284E+01
   2.6883E+00   2.0285E+01
   2.6883E+00   2.0287E+01
   2.6884E+00   2.0285E+01
   2.6884E+00   2.0285E+01
   2.6885E+00   2.0287E+01
   2.6886E+00   2.0292E+01
   2.6887E+00   2.0299E+01
   2.6888E+00   2.0296E+01
   2.6889E+00   2.0296E+01
   2.6890E+00   2.0298E+01
   2.6892E+00   2.0302E+01
   2.6895E+00   2.0308E+01
   2.6898E+00   2.0316E+01
   2.6903E+00   2.0325E+01
   2.6909E+00   2.0332E+01
   2.6916E+00   2.0348E+01
   2.6916E+00   2.0348E+01
   2.6916E+00   2.0356E+01
   2.6916E+00   2.0365E+01
   2.6916E+00   2.0371E+01
   2.6916E+00   2.0377E+01
   2.6916E+00   2.0377E+01
   2.6916E+00   2.0377E+01
   2.6916E+00   2.0378E+01
   2.6916E+00   2.0379E+01
   2.6917E+00   2.0379E+01
   2.6917E+00   2.0380E+01
   2.6917E+00   2.0380E+01
   2.6917E+00   2.0380E+01
   2.6917E+00   2.0380E+01
   2.6917E+00   2.0380E+01
   2.6917E+00   2.0379E+01
   2.6917E+00   2.0379E+01
   2.6917E+00   2.0380E+01
   2.6917E+00   2.0380E+01
   2.6917E+00   2.0380E+01
   2.6917E+00   2.0380E+01
   2.6917E+00   2.0379E+01
   2.6917E+00   2.0379E+01
   2.6917E+00   2.0379E+01
   2.6917E+00   2.0379E+01
   2.6917E+00   2.0380E+01
   2.6918E+00   2.0382E+01
   2.6918E+00   2.0385E+01
   2.6919E+00   2.0388E+01
   2.6921E+00   2.0388E+01
   2.6923E+00   2.0390E+01
   2.6923E+00   2.0390E+01
   2.6923E+00   2.0394E+01
   2.6924E+00   2.0400E+01
   2.6924E+00   2.0402E+01
   2.6924E+00   2.0405E+01
   2.6925E+00   2.0409E+01
   2.6925E+00   2.0413E+01
   2.6927E+00   2.0417E+01
   2.6929E+00   2.0422E+01
   2.6930E+00   2.0424E+01
   2.6930E+00   2.0423E+01
   2.6931E+00   2.0424E+01
   2.6932E+00   2.0427E+01
   2.6933E+00   2.0432E+01
   2.6936E+00   2.0439E+01
   2.6941E+00   2.0450E+01
   2.6950E+00   2.0465E+01
   2.6965E+00   2.0486E+01
   2.6992E+00   2.0529E+01
   2.7038E+00   2.0580E+01
   2.7113E+00   2.0656E+01
   2.7113E+00   2.0656E+01
   2.7113E+00   2.0663E+01
   2.7113E+00   2.0668E+01
   2.7113E+00   2.0674E+01
   2.7113E+00   2.0677E+01
   2.7113E+00   2.0680E+01
   2.7113E+00   2.0686E+01
   2.7113E+00   2.0694E+01
   2.7113E+00   2.0704E+01
   2.7113E+00   2.0717E+01
   2.7113E+00   2.0732E+01
   2.7113E+00   2.0750E+01
   2.7113E+00   2.0772E+01
   2.7113E+00   2.0798E+01
   2.7113E+00   2.0830E+01
   2.7113E+00   2.0863E+01
   2.7113E+00   2.0891E+01
   2.7113E+00   2.0913E+01
   2.7114E+00   2.0926E+01
   2.7114E+00   2.0925E+01
   2.7114E+00   2.0920E+01
   2.7114E+00   2.0913E+01
   2.7115E+00   2.0908E+01
   2.7115E+00   2.0901E+01
   2.7115E+00   2.0895E+01
   2.7115E+00   2.0890E+01
   2.7116E+00   2.0886E+01
   2.7116E+00   2.0886E+01
   2.7116E+00   2.0884E+01
   2.7116E+00   2.0887E+01
   2.7116E+00   2.0887E+01
   2.7117E+00   2.0890E+01
   2.7117E+00   2.0891E+01
   2.7117E+00   2.0893E+01
   2.7117E+00   2.0894E+01
   2.7117E+00   2.0892E+01
   2.7118E+00   2.0891E+01
   2.7118E+00   2.0890E+01
   2.7118E+00   2.0891E+01
   2.7119E+00   2.0892E+01
   2.7120E+00   2.0894E+01
   2.7121E+00   2.0892E+01
   2.7122E+00   2.0895E+01
   2.7123E+00   2.0900E+01
   2.7124E+00   2.0896E+01
   2.7125E+00   2.0895E+01
   2.7126E+00   2.0895E+01
   2.7129E+00   2.0897E+01
   2.7133E+00   2.0902E+01
   2.7140E+00   2.0910E+01
   2.7153E+00   2.0923E+01
   2.7176E+00   2.0949E+01
   2.7190E+00   2.0952E+01
   2.7208E+00   2.0964E+01
   2.7234E+00   2.0983E+01
   2.7274E+00   2.1014E+01
   2.7343E+00   2.1061E+01
   2.7343E+00   2.1061E+01
   2.7343E+00   2.1067E+01
   2.7343E+00   2.1068E+01
   2.7343E+00   2.1070E+01
   2.7343E+00   2.1071E+01
   2.7343E+00   2.1073E+01
   2.7343E+00   2.1077E+01
   2.7343E+00   2.1082E+01
   2.7343E+00   2.1088E+01
   2.7343E+00   2.1095E+01
   2.7343E+00   2.1101E+01
   2.7343E+00   2.1106E+01
   2.7343E+00   2.1108E+01
   2.7343E+00   2.1109E+01
   2.7343E+00   2.1109E+01
   2.7343E+00   2.1108E+01
   2.7343E+00   2.1106E+01
   2.7343E+00   2.1104E+01
   2.7343E+00   2.1103E+01
   2.7343E+00   2.1104E+01
   2.7343E+00   2.1102E+01
   2.7343E+00   2.1103E+01
   2.7344E+00   2.1104E+01
   2.7344E+00   2.1107E+01
   2.7344E+00   2.1108E+01
   2.7344E+00   2.1107E+01
   2.7344E+00   2.1106E+01
   2.7344E+00   2.1104E+01
   2.7344E+00   2.1103E+01
   2.7345E+00   2.1102E+01
   2.7345E+00   2.1103E+01
   2.7346E+00   2.1106E+01
   2.7347E+00   2.1110E+01
   2.7349E+00   2.1115E+01
   2.7352E+00   2.1120E+01
   2.7356E+00   2.1127E+01
   2.7364E+00   2.1136E+01
   2.7364E+00   2.1134E+01
   2.7364E+00   2.1139E+01
   2.7364E+00   2.1140E+01
   2.7364E+00   2.1145E+01
   2.7364E+00   2.1151E+01
   2.7364E+00   2.1149E+01
   2.7364E+00   2.1147E+01
   2.7364E+00   2.1146E+01
   2.7365E+00   2.1145E+01
   2.7365E+00   2.1146E+01
   2.7366E+00   2.1149E+01
   2.7368E+00   2.1153E+01
   2.7371E+00   2.1157E+01
   2.7376E+00   2.1161E+01
   2.7384E+00   2.1166E+01
   2.7384E+00   2.1166E+01
   2.7384E+00   2.1166E+01
   2.7384E+00   2.1165E+01
   2.7384E+00   2.1165E+01
   2.7384E+00   2.1166E+01
   2.7385E+00   2.1166E+01
   2.7385E+00   2.1165E+01
   2.7385E+00   2.1165E+01
   2.7385E+00   2.1165E+01
   2.7385E+00   2.1165E+01
   2.7385E+00   2.1164E+01
   2.7385E+00   2.1165E+01
   2.7385E+00   2.1164E+01
   2.7386E+00   2.1164E+01
   2.7386E+00   2.1166E+01
   2.7386E+00   2.1163E+01
   2.7386E+00   2.1161E+01
   2.7387E+00   2.1160E+01
   2.7388E+00   2.1161E+01
   2.7389E+00   2.1162E+01
   2.7392E+00   2.1164E+01
   2.7396E+00   2.1166E+01
   2.7396E+00   2.1164E+01
   2.7397E+00   2.1165E+01
   2.7397E+00   2.1163E+01
   2.7397E+00   2.1164E+01
   2.7397E+00   2.1165E+01
   2.7397E+00   2.1164E+01
   2.7397E+00   2.1163E+01
   2.7398E+00   2.1161E+01
   2.7398E+00   2.1159E+01
   2.7398E+00   2.1157E+01
   2.7399E+00   2.1157E+01
   2.7399E+00   2.1159E+01
   2.7400E+00   2.1162E+01
   2.7401E+00   2.1167E+01
   2.7403E+00   2.1172E+01
   2.7406E+00   2.1180E+01
   2.7412E+00   2.1189E+01
   2.7422E+00   2.1201E+01
   2.7440E+00   2.1213E+01
   2.7468E+00   2.1239E+01
   2.7516E+00   2.1277E+01
   2.7591E+00   2.1331E+01
   2.7666E+00   2.1407E+01
   2.7741E+00   2.1490E+01
   2.7816E+00   2.1608E+01
   2.7817E+00   2.1608E+01
   2.7817E+00   2.1615E+01
   2.7817E+00   2.1630E+01
   2.7817E+00   2.1645E+01
   2.7817E+00   2.1650E+01
   2.7817E+00   2.1656E+01
   2.7817E+00   2.1667E+01
   2.7817E+00   2.1682E+01
   2.7817E+00   2.1700E+01
   2.7817E+00   2.1722E+01
   2.7817E+00   2.1731E+01
   2.7817E+00   2.1746E+01
   2.7817E+00   2.1771E+01
   2.7817E+00   2.1781E+01
   2.7817E+00   2.1791E+01
   2.7817E+00   2.1798E+01
   2.7817E+00   2.1800E+01
   2.7817E+00   2.1800E+01
   2.7818E+00   2.1798E+01
   2.7818E+00   2.1796E+01
   2.7818E+00   2.1795E+01
   2.7819E+00   2.1795E+01
   2.7819E+00   2.1795E+01
   2.7819E+00   2.1795E+01
   2.7820E+00   2.1796E+01
   2.7821E+00   2.1796E+01
   2.7821E+00   2.1797E+01
   2.7821E+00   2.1796E+01
   2.7821E+00   2.1796E+01
   2.7821E+00   2.1796E+01
   2.7822E+00   2.1796E+01
   2.7822E+00   2.1795E+01
   2.7822E+00   2.1795E+01
   2.7822E+00   2.1795E+01
   2.7822E+00   2.1795E+01
   2.7822E+00   2.1794E+01
   2.7822E+00   2.1795E+01
   2.7822E+00   2.1795E+01
   2.7822E+00   2.1795E+01
   2.7822E+00   2.1795E+01
   2.7822E+00   2.1795E+01
   2.7822E+00   2.1794E+01
   2.7822E+00   2.1795E+01
   2.7822E+00   2.1795E+01
   2.7822E+00   2.1795E+01
   2.7823E+00   2.1794E+01
   2.7823E+00   2.1794E+01
   2.7824E+00   2.1790E+01
   2.7824E+00   2.1791E+01
   2.7824E+00   2.1790E+01
   2.7825E+00   2.1791E+01
   2.7825E+00   2.1789E+01
   2.7825E+00   2.1790E+01
   2.7825E+00   2.1789E+01
   2.7825E+00   2.1789E+01
   2.7825E+00   2.1789E+01
   2.7825E+00   2.1789E+01
   2.7825E+00   2.1788E+01
   2.7825E+00   2.1788E+01
   2.7825E+00   2.1788E+01
   2.7825E+00   2.1788E+01
   2.7825E+00   2.1787E+01
   2.7825E+00   2.1787E+01
   2.7825E+00   2.1787E+01
   2.7825E+00   2.1787E+01
   2.7826E+00   2.1787E+01
   2.7826E+00   2.1787E+01
   2.7826E+00   2.1787E+01
   2.7827E+00   2.1787E+01
   2.7828E+00   2.1788E+01
   2.7828E+00   2.1785E+01
   2.7828E+00   2.1784E+01
   2.7828E+00   2.1783E+01
   2.7829E+00   2.1783E+01
   2.7829E+00   2.1785E+01
   2.7830E+00   2.1786E+01
   2.7833E+00   2.1789E+01
   2.7836E+00   2.1791E+01
   2.7843E+00   2.1794E+01
   2.7854E+00   2.1801E+01
   2.7867E+00   2.1801E+01
   2.7890E+00   2.1808E+01
   2.7929E+00   2.1807E+01
   2.7961E+00   2.1813E+01
   2.8006E+00   2.1831E+01
   2.8081E+00   2.1874E+01
   2.8156E+00   2.1939E+01
   2.8231E+00   2.2018E+01
   2.8306E+00   2.2102E+01
   2.8307E+00   2.2103E+01
   2.8307E+00   2.2115E+01
   2.8307E+00   2.2131E+01
   2.8307E+00   2.2150E+01
   2.8307E+00   2.2164E+01
   2.8307E+00   2.2179E+01
   2.8307E+00   2.2184E+01
   2.8307E+00   2.2194E+01
   2.8307E+00   2.2198E+01
   2.8307E+00   2.2201E+01
   2.8307E+00   2.2207E+01
   2.8307E+00   2.2216E+01
   2.8307E+00   2.2229E+01
   2.8307E+00   2.2241E+01
   2.8307E+00   2.2250E+01
   2.8307E+00   2.2253E+01
   2.8307E+00   2.2251E+01
   2.8308E+00   2.2247E+01
   2.8308E+00   2.2244E+01
   2.8308E+00   2.2241E+01
   2.8308E+00   2.2240E+01
   2.8309E+00   2.2240E+01
   2.8310E+00   2.2241E+01
   2.8310E+00   2.2242E+01
   2.8311E+00   2.2242E+01
   2.8312E+00   2.2240E+01
   2.8312E+00   2.2241E+01
   2.8312E+00   2.2241E+01
   2.8312E+00   2.2240E+01
   2.8313E+00   2.2238E+01
   2.8313E+00   2.2236E+01
   2.8313E+00   2.2236E+01
   2.8313E+00   2.2236E+01
   2.8314E+00   2.2233E+01
   2.8314E+00   2.2234E+01
   2.8315E+00   2.2233E+01
   2.8315E+00   2.2233E+01
   2.8316E+00   2.2233E+01
   2.8317E+00   2.2231E+01
   2.8318E+00   2.2229E+01
   2.8319E+00   2.2224E+01
   2.8321E+00   2.2219E+01
   2.8324E+00   2.2215E+01
   2.8330E+00   2.2212E+01
   2.8339E+00   2.2205E+01
   2.8355E+00   2.2203E+01
   2.8365E+00   2.2200E+01
   2.8375E+00   2.2180E+01
   2.8394E+00   2.2157E+01
   2.8426E+00   2.2129E+01
   2.8481E+00   2.2106E+01
   2.8556E+00   2.2073E+01
   2.8631E+00   2.2038E+01
   2.8632E+00   2.2036E+01
   2.8633E+00   2.2028E+01
   2.8633E+00   2.2026E+01
   2.8633E+00   2.2025E+01
   2.8633E+00   2.2022E+01
   2.8633E+00   2.2018E+01
   2.8633E+00   2.2014E+01
   2.8633E+00   2.2010E+01
   2.8633E+00   2.2007E+01
   2.8633E+00   2.2003E+01
   2.8634E+00   2.1999E+01
   2.8634E+00   2.1992E+01
   2.8634E+00   2.1982E+01
   2.8635E+00   2.1970E+01
   2.8635E+00   2.1958E+01
   2.8635E+00   2.1948E+01
   2.8636E+00   2.1940E+01
   2.8636E+00   2.1934E+01
   2.8636E+00   2.1931E+01
   2.8636E+00   2.1929E+01
   2.8636E+00   2.1928E+01
   2.8636E+00   2.1926E+01
   2.8636E+00   2.1922E+01
   2.8637E+00   2.1916E+01
   2.8637E+00   2.1907E+01
   2.8638E+00   2.1896E+01
   2.8639E+00   2.1886E+01
   2.8641E+00   2.1879E+01
   2.8644E+00   2.1875E+01
   2.8647E+00   2.1877E+01
   2.8650E+00   2.1881E+01
   2.8652E+00   2.1886E+01
   2.8654E+00   2.1889E+01
   2.8659E+00   2.1893E+01
   2.8662E+00   2.1890E+01
   2.8664E+00   2.1890E+01
   2.8668E+00   2.1886E+01
   2.8672E+00   2.1885E+01
   2.8677E+00   2.1882E+01
   2.8684E+00   2.1873E+01
   2.8689E+00   2.1867E+01
   2.8690E+00   2.1864E+01
   2.8691E+00   2.1862E+01
   2.8692E+00   2.1859E+01
   2.8693E+00   2.1859E+01
   2.8693E+00   2.1858E+01
   2.8694E+00   2.1858E+01
   2.8695E+00   2.1856E+01
   2.8696E+00   2.1860E+01
   2.8696E+00   2.1858E+01
   2.8696E+00   2.1861E+01
   2.8696E+00   2.1862E+01
   2.8697E+00   2.1866E+01
   2.8697E+00   2.1867E+01
   2.8698E+00   2.1871E+01
   2.8698E+00   2.1870E+01
   2.8698E+00   2.1870E+01
   2.8698E+00   2.1868E+01
   2.8698E+00   2.1869E+01
   2.8698E+00   2.1869E+01
   2.8699E+00   2.1869E+01
   2.8699E+00   2.1869E+01
   2.8699E+00   2.1869E+01
   2.8699E+00   2.1868E+01
   2.8699E+00   2.1868E+01
   2.8699E+00   2.1868E+01
   2.8699E+00   2.1868E+01
   2.8699E+00   2.1869E+01
   2.8700E+00   2.1870E+01
   2.8700E+00   2.1872E+01
   2.8701E+00   2.1871E+01
   2.8703E+00   2.1870E+01
   2.8706E+00   2.1870E+01
   2.8710E+00   2.1870E+01
   2.8719E+00   2.1865E+01
   2.8730E+00   2.1865E+01
   2.8736E+00   2.1862E+01
   2.8747E+00   2.1858E+01
   2.8747E+00   2.1859E+01
   2.8747E+00   2.1858E+01
   2.8747E+00   2.1857E+01
   2.8747E+00   2.1854E+01
   2.8747E+00   2.1851E+01
   2.8747E+00   2.1847E+01
   2.8747E+00   2.1842E+01
   2.8748E+00   2.1838E+01
   2.8748E+00   2.1834E+01
   2.8748E+00   2.1830E+01
   2.8748E+00   2.1827E+01
   2.8748E+00   2.1825E+01
   2.8748E+00   2.1824E+01
   2.8749E+00   2.1823E+01
   2.8749E+00   2.1823E+01
   2.8749E+00   2.1824E+01
   2.8750E+00   2.1825E+01
   2.8750E+00   2.1826E+01
   2.8751E+00   2.1827E+01
   2.8752E+00   2.1828E+01
   2.8754E+00   2.1829E+01
   2.8758E+00   2.1830E+01
   2.8764E+00   2.1836E+01
   2.8768E+00   2.1827E+01
   2.8774E+00   2.1821E+01
   2.8782E+00   2.1817E+01
   2.8797E+00   2.1815E+01
   2.8822E+00   2.1812E+01
   2.8866E+00   2.1808E+01
   2.8866E+00   2.1808E+01
   2.8866E+00   2.1802E+01
   2.8866E+00   2.1801E+01
   2.8866E+00   2.1800E+01
   2.8866E+00   2.1798E+01
   2.8866E+00   2.1794E+01
   2.8867E+00   2.1791E+01
   2.8867E+00   2.1787E+01
   2.8867E+00   2.1783E+01
   2.8867E+00   2.1780E+01
   2.8867E+00   2.1777E+01
   2.8867E+00   2.1771E+01
   2.8868E+00   2.1765E+01
   2.8868E+00   2.1759E+01
   2.8869E+00   2.1755E+01
   2.8870E+00   2.1756E+01
   2.8870E+00   2.1758E+01
   2.8871E+00   2.1761E+01
   2.8871E+00   2.1765E+01
   2.8871E+00   2.1768E+01
   2.8872E+00   2.1771E+01
   2.8873E+00   2.1776E+01
   2.8874E+00   2.1779E+01
   2.8877E+00   2.1782E+01
   2.8877E+00   2.1782E+01
   2.8877E+00   2.1780E+01
   2.8878E+00   2.1776E+01
   2.8878E+00   2.1776E+01
   2.8878E+00   2.1775E+01
   2.8878E+00   2.1775E+01
   2.8878E+00   2.1775E+01
   2.8878E+00   2.1775E+01
   2.8878E+00   2.1775E+01
   2.8878E+00   2.1775E+01
   2.8878E+00   2.1775E+01
   2.8878E+00   2.1775E+01
   2.8878E+00   2.1774E+01
   2.8878E+00   2.1775E+01
   2.8878E+00   2.1775E+01
   2.8879E+00   2.1776E+01
   2.8879E+00   2.1778E+01
   2.8879E+00   2.1774E+01
   2.8879E+00   2.1771E+01
   2.8880E+00   2.1769E+01
   2.8880E+00   2.1769E+01
   2.8881E+00   2.1771E+01
   2.8883E+00   2.1774E+01
   2.8886E+00   2.1779E+01
   2.8892E+00   2.1785E+01
   2.8901E+00   2.1792E+01
   2.8917E+00   2.1800E+01
   2.8945E+00   2.1801E+01
   2.8976E+00   2.1817E+01
   2.8982E+00   2.1826E+01
   2.8987E+00   2.1828E+01
   2.8995E+00   2.1835E+01
   2.9009E+00   2.1847E+01
   2.9034E+00   2.1864E+01
   2.9048E+00   2.1873E+01
   2.9072E+00   2.1887E+01
   2.9114E+00   2.1896E+01
   2.9158E+00   2.1975E+01
   2.9181E+00   2.2002E+01
   2.9216E+00   2.2005E+01
   2.9220E+00   2.1998E+01
   2.9223E+00   2.1969E+01
   2.9223E+00   2.1962E+01
   2.9223E+00   2.1958E+01
   2.9223E+00   2.1954E+01
   2.9223E+00   2.1950E+01
   2.9223E+00   2.1946E+01
   2.9224E+00   2.1943E+01
   2.9224E+00   2.1939E+01
   2.9224E+00   2.1935E+01
   2.9224E+00   2.1929E+01
   2.9224E+00   2.1919E+01
   2.9225E+00   2.1909E+01
   2.9225E+00   2.1898E+01
   2.9226E+00   2.1888E+01
   2.9226E+00   2.1881E+01
   2.9226E+00   2.1876E+01
   2.9226E+00   2.1874E+01
   2.9227E+00   2.1872E+01
   2.9227E+00   2.1871E+01
   2.9227E+00   2.1872E+01
   2.9228E+00   2.1873E+01
   2.9228E+00   2.1874E+01
   2.9229E+00   2.1875E+01
   2.9229E+00   2.1875E+01
   2.9229E+00   2.1875E+01
   2.9229E+00   2.1876E+01
   2.9229E+00   2.1876E+01
   2.9229E+00   2.1876E+01
   2.9229E+00   2.1877E+01
   2.9229E+00   2.1877E+01
   2.9229E+00   2.1877E+01
   2.9229E+00   2.1877E+01
   2.9229E+00   2.1876E+01
   2.9229E+00   2.1875E+01
   2.9229E+00   2.1874E+01
   2.9229E+00   2.1874E+01
   2.9229E+00   2.1873E+01
   2.9230E+00   2.1874E+01
   2.9230E+00   2.1876E+01
   2.9231E+00   2.1879E+01
   2.9232E+00   2.1882E+01
   2.9233E+00   2.1885E+01
   2.9235E+00   2.1889E+01
   2.9239E+00   2.1894E+01
   2.9245E+00   2.1900E+01
   2.9245E+00   2.1900E+01
   2.9245E+00   2.1900E+01
   2.9245E+00   2.1900E+01
   2.9245E+00   2.1900E+01
   2.9245E+00   2.1900E+01
   2.9245E+00   2.1900E+01
   2.9245E+00   2.1900E+01
   2.9245E+00   2.1900E+01
   2.9245E+00   2.1900E+01
   2.9245E+00   2.1900E+01
   2.9245E+00   2.1900E+01
   2.9245E+00   2.1900E+01
   2.9245E+00   2.1900E+01
   2.9245E+00   2.1900E+01
   2.9245E+00   2.1899E+01
   2.9245E+00   2.1899E+01
   2.9245E+00   2.1899E+01
   2.9245E+00   2.1898E+01
   2.9245E+00   2.1897E+01
   2.9245E+00   2.1896E+01
   2.9245E+00   2.1896E+01
   2.9245E+00   2.1896E+01
   2.9246E+00   2.1897E+01
   2.9246E+00   2.1897E+01
   2.9247E+00   2.1898E+01
   2.9248E+00   2.1897E+01
   2.9250E+00   2.1891E+01
   2.9252E+00   2.1891E+01
   2.9252E+00   2.1890E+01
   2.9252E+00   2.1887E+01
   2.9253E+00   2.1883E+01
   2.9253E+00   2.1877E+01
   2.9253E+00   2.1875E+01
   2.9254E+00   2.1874E+01
   2.9254E+00   2.1873E+01
   2.9256E+00   2.1872E+01
   2.9258E+00   2.1871E+01
   2.9262E+00   2.1869E+01
   2.9269E+00   2.1858E+01
   2.9275E+00   2.1857E+01
   2.9283E+00   2.1856E+01
   2.9294E+00   2.1858E+01
   2.9300E+00   2.1858E+01
   2.9311E+00   2.1863E+01
   2.9330E+00   2.1884E+01
   2.9340E+00   2.1875E+01
   2.9353E+00   2.1873E+01
   2.9373E+00   2.1875E+01
   2.9402E+00   2.1883E+01
   2.9454E+00   2.1898E+01
   2.9529E+00   2.1920E+01
   2.9530E+00   2.1918E+01
   2.9531E+00   2.1920E+01
   2.9532E+00   2.1920E+01
   2.9535E+00   2.1920E+01
   2.9536E+00   2.1917E+01
   2.9537E+00   2.1919E+01
   2.9537E+00   2.1920E+01
   2.9538E+00   2.1916E+01
   2.9538E+00   2.1914E+01
   2.9539E+00   2.1914E+01
   2.9541E+00   2.1915E+01
   2.9544E+00   2.1917E+01
   2.9549E+00   2.1920E+01
   2.9558E+00   2.1921E+01
   2.9560E+00   2.1917E+01
   2.9562E+00   2.1919E+01
   2.9562E+00   2.1918E+01
   2.9562E+00   2.1918E+01
   2.9562E+00   2.1918E+01
   2.9562E+00   2.1918E+01
   2.9562E+00   2.1916E+01
   2.9562E+00   2.1917E+01
   2.9562E+00   2.1917E+01
   2.9562E+00   2.1917E+01
   2.9562E+00   2.1917E+01
   2.9562E+00   2.1917E+01
   2.9562E+00   2.1917E+01
   2.9562E+00   2.1917E+01
   2.9562E+00   2.1917E+01
   2.9562E+00   2.1917E+01
   2.9562E+00   2.1917E+01
   2.9562E+00   2.1917E+01
   2.9562E+00   2.1916E+01
   2.9562E+00   2.1916E+01
   2.9562E+00   2.1916E+01
   2.9562E+00   2.1917E+01
   2.9562E+00   2.1917E+01
   2.9562E+00   2.1917E+01
   2.9562E+00   2.1917E+01
   2.9563E+00   2.1916E+01
   2.9563E+00   2.1917E+01
   2.9563E+00   2.1918E+01
   2.9563E+00   2.1916E+01
   2.9563E+00   2.1914E+01
   2.9563E+00   2.1912E+01
   2.9564E+00   2.1911E+01
   2.9564E+00   2.1912E+01
   2.9565E+00   2.1913E+01
   2.9567E+00   2.1915E+01
   2.9570E+00   2.1916E+01
   2.9574E+00   2.1917E+01
   2.9582E+00   2.1915E+01
   2.9583E+00   2.1910E+01
   2.9586E+00   2.1905E+01
   2.9587E+00   2.1902E+01
   2.9587E+00   2.1902E+01
   2.9588E+00   2.1901E+01
   2.9590E+00   2.1901E+01
   2.9591E+00   2.1902E+01
   2.9591E+00   2.1899E+01
   2.9591E+00   2.1898E+01
   2.9592E+00   2.1897E+01
   2.9593E+00   2.1899E+01
   2.9594E+00   2.1903E+01
   2.9597E+00   2.1908E+01
   2.9602E+00   2.1914E+01
   2.9610E+00   2.1922E+01
   2.9625E+00   2.1930E+01
   2.9650E+00   2.1942E+01
   2.9655E+00   2.1939E+01
   2.9659E+00   2.1949E+01
   2.9659E+00   2.1949E+01
   2.9659E+00   2.1954E+01
   2.9659E+00   2.1959E+01
   2.9659E+00   2.1965E+01
   2.9659E+00   2.1969E+01
   2.9659E+00   2.1973E+01
   2.9660E+00   2.1972E+01
   2.9660E+00   2.1972E+01
   2.9660E+00   2.1971E+01
   2.9660E+00   2.1971E+01
   2.9660E+00   2.1969E+01
   2.9661E+00   2.1967E+01
   2.9661E+00   2.1965E+01
   2.9661E+00   2.1966E+01
   2.9661E+00   2.1967E+01
   2.9661E+00   2.1965E+01
   2.9661E+00   2.1964E+01
   2.9662E+00   2.1963E+01
   2.9662E+00   2.1964E+01
   2.9663E+00   2.1965E+01
   2.9665E+00   2.1968E+01
   2.9669E+00   2.1968E+01
   2.9674E+00   2.1968E+01
   2.9674E+00   2.1968E+01
   2.9674E+00   2.1968E+01
   2.9674E+00   2.1967E+01
   2.9674E+00   2.1968E+01
   2.9674E+00   2.1968E+01
   2.9674E+00   2.1968E+01
   2.9674E+00   2.1968E+01
   2.9674E+00   2.1968E+01
   2.9674E+00   2.1968E+01
   2.9674E+00   2.1968E+01
   2.9674E+00   2.1968E+01
   2.9674E+00   2.1968E+01
   2.9674E+00   2.1968E+01
   2.9674E+00   2.1968E+01
   2.9674E+00   2.1968E+01
   2.9674E+00   2.1968E+01
   2.9674E+00   2.1967E+01
   2.9674E+00   2.1966E+01
   2.9674E+00   2.1966E+01
   2.9674E+00   2.1966E+01
   2.9675E+00   2.1966E+01
   2.9675E+00   2.1967E+01
   2.9676E+00   2.1969E+01
   2.9677E+00   2.1971E+01
   2.9678E+00   2.1972E+01
   2.9681E+00   2.1974E+01
   2.9684E+00   2.1978E+01
   2.9688E+00   2.1975E+01
   2.9694E+00   2.1975E+01
   2.9704E+00   2.1979E+01
   2.9721E+00   2.1988E+01
   2.9751E+00   2.2006E+01
   2.9786E+00   2.2016E+01
   2.9833E+00   2.2038E+01
   2.9908E+00   2.2075E+01
   2.9909E+00   2.2076E+01
   2.9911E+00   2.2101E+01
   2.9911E+00   2.2101E+01
   2.9911E+00   2.2103E+01
   2.9911E+00   2.2105E+01
   2.9911E+00   2.2108E+01
   2.9911E+00   2.2113E+01
   2.9911E+00   2.2118E+01
   2.9911E+00   2.2125E+01
   2.9911E+00   2.2133E+01
   2.9911E+00   2.2142E+01
   2.9911E+00   2.2154E+01
   2.9911E+00   2.2163E+01
   2.9911E+00   2.2171E+01
   2.9911E+00   2.2176E+01
   2.9911E+00   2.2177E+01
   2.9911E+00   2.2177E+01
   2.9911E+00   2.2174E+01
   2.9912E+00   2.2172E+01
   2.9912E+00   2.2171E+01
   2.9912E+00   2.2171E+01
   2.9913E+00   2.2170E+01
   2.9913E+00   2.2171E+01
   2.9913E+00   2.2172E+01
   2.9913E+00   2.2175E+01
   2.9914E+00   2.2175E+01
   2.9915E+00   2.2177E+01
   2.9915E+00   2.2176E+01
   2.9916E+00   2.2177E+01
   2.9916E+00   2.2177E+01
   2.9917E+00   2.2177E+01
   2.9917E+00   2.2176E+01
   2.9918E+00   2.2177E+01
   2.9918E+00   2.2176E+01
   2.9918E+00   2.2177E+01
   2.9918E+00   2.2177E+01
   2.9918E+00   2.2177E+01
   2.9918E+00   2.2176E+01
   2.9918E+00   2.2177E+01
   2.9919E+00   2.2178E+01
   2.9919E+00   2.2175E+01
   2.9920E+00   2.2173E+01
   2.9920E+00   2.2172E+01
   2.9921E+00   2.2173E+01
   2.9923E+00   2.2175E+01
   2.9927E+00   2.2179E+01
   2.9933E+00   2.2184E+01
   2.9936E+00   2.2180E+01
   2.9938E+00   2.2185E+01
   2.9938E+00   2.2185E+01
   2.9938E+00   2.2187E+01
   2.9938E+00   2.2188E+01
   2.9938E+00   2.2190E+01
   2.9938E+00   2.2191E+01
   2.9938E+00   2.2192E+01
   2.9939E+00   2.2191E+01
   2.9939E+00   2.2192E+01
   2.9939E+00   2.2192E+01
   2.9939E+00   2.2192E+01
   2.9939E+00   2.2192E+01
   2.9939E+00   2.2192E+01
   2.9939E+00   2.2191E+01
   2.9939E+00   2.2191E+01
   2.9939E+00   2.2190E+01
   2.9939E+00   2.2190E+01
   2.9939E+00   2.2190E+01
   2.9939E+00   2.2191E+01
   2.9940E+00   2.2192E+01
   2.9941E+00   2.2193E+01
   2.9942E+00   2.2194E+01
   2.9943E+00   2.2192E+01
   2.9943E+00   2.2193E+01
   2.9944E+00   2.2193E+01
   2.9945E+00   2.2194E+01
   2.9945E+00   2.2193E+01
   2.9945E+00   2.2194E+01
   2.9945E+00   2.2193E+01
   2.9945E+00   2.2194E+01
   2.9946E+00   2.2193E+01
   2.9946E+00   2.2193E+01
   2.9947E+00   2.2192E+01
   2.9948E+00   2.2190E+01
   2.9950E+00   2.2193E+01
   2.9951E+00   2.2192E+01
   2.9951E+00   2.2193E+01
   2.9951E+00   2.2193E+01
   2.9952E+00   2.2195E+01
   2.9952E+00   2.2194E+01
   2.9952E+00   2.2195E+01
   2.9952E+00   2.2194E+01
   2.9952E+00   2.2195E+01
   2.9952E+00   2.2195E+01
   2.9952E+00   2.2195E+01
   2.9952E+00   2.2195E+01
   2.9952E+00   2.2195E+01
   2.9952E+00   2.2195E+01
   2.9952E+00   2.2195E+01
   2.9953E+00   2.2195E+01
   2.9953E+00   2.2195E+01
   2.9953E+00   2.2196E+01
   2.9953E+00   2.2194E+01
   2.9953E+00   2.2192E+01
   2.9953E+00   2.2190E+01
   2.9953E+00   2.2191E+01
   2.9954E+00   2.2193E+01
   2.9955E+00   2.2195E+01
   2.9957E+00   2.2196E+01
   2.9960E+00   2.2197E+01
