# Trace from filein = ./62270a01                                                                                                                   
#   time        NI0                                                                                                                          
   2.0000E+00   2.7882E+01
   2.0000E+00   2.7931E+01
   2.0000E+00   2.7984E+01
   2.0001E+00   2.8043E+01
   2.0001E+00   2.8105E+01
   2.0001E+00   2.8170E+01
   2.0001E+00   2.8236E+01
   2.0001E+00   2.8303E+01
   2.0001E+00   2.8370E+01
   2.0001E+00   2.8437E+01
   2.0001E+00   2.8503E+01
   2.0002E+00   2.8569E+01
   2.0002E+00   2.8635E+01
   2.0002E+00   2.8700E+01
   2.0002E+00   2.8767E+01
   2.0002E+00   2.8836E+01
   2.0002E+00   2.8911E+01
   2.0003E+00   2.8993E+01
   2.0003E+00   2.9088E+01
   2.0003E+00   2.9208E+01
   2.0003E+00   2.9217E+01
   2.0004E+00   2.9236E+01
   2.0005E+00   2.9260E+01
   2.0006E+00   2.9275E+01
   2.0007E+00   2.9281E+01
   2.0007E+00   2.9282E+01
   2.0008E+00   2.9284E+01
   2.0008E+00   2.9286E+01
   2.0009E+00   2.9289E+01
   2.0009E+00   2.9294E+01
   2.0010E+00   2.9300E+01
   2.0011E+00   2.9308E+01
   2.0011E+00   2.9318E+01
   2.0013E+00   2.9330E+01
   2.0014E+00   2.9344E+01
   2.0015E+00   2.9360E+01
   2.0017E+00   2.9377E+01
   2.0018E+00   2.9397E+01
   2.0020E+00   2.9419E+01
   2.0022E+00   2.9441E+01
   2.0024E+00   2.9463E+01
   2.0026E+00   2.9483E+01
   2.0028E+00   2.9501E+01
   2.0030E+00   2.9514E+01
   2.0031E+00   2.9524E+01
   2.0032E+00   2.9533E+01
   2.0033E+00   2.9540E+01
   2.0034E+00   2.9549E+01
   2.0035E+00   2.9558E+01
   2.0036E+00   2.9569E+01
   2.0038E+00   2.9581E+01
   2.0040E+00   2.9595E+01
   2.0041E+00   2.9608E+01
   2.0043E+00   2.9619E+01
   2.0044E+00   2.9628E+01
   2.0045E+00   2.9639E+01
   2.0047E+00   2.9651E+01
   2.0049E+00   2.9669E+01
   2.0053E+00   2.9699E+01
   2.0060E+00   2.9752E+01
   2.0072E+00   2.9853E+01
   2.0083E+00   2.9947E+01
   2.0099E+00   3.0077E+01
   2.0126E+00   3.0306E+01
   2.0172E+00   3.0687E+01
   2.0237E+00   3.1223E+01
   2.0312E+00   3.1798E+01
   2.0387E+00   3.2327E+01
   2.0462E+00   3.2826E+01
   2.0537E+00   3.3305E+01
   2.0593E+00   3.3645E+01
   2.0668E+00   3.4119E+01
   2.0742E+00   3.4600E+01
   2.0817E+00   3.5085E+01
   2.0893E+00   3.5572E+01
   2.0968E+00   3.6057E+01
   2.1036E+00   3.6501E+01
   2.1106E+00   3.6946E+01
   2.1181E+00   3.7415E+01
   2.1256E+00   3.7873E+01
   2.1266E+00   3.7945E+01
   2.1284E+00   3.8061E+01
   2.1288E+00   3.8090E+01
   2.1293E+00   3.8122E+01
   2.1295E+00   3.8131E+01
   2.1296E+00   3.8139E+01
   2.1297E+00   3.8142E+01
   2.1298E+00   3.8149E+01
   2.1300E+00   3.8163E+01
   2.1304E+00   3.8187E+01
   2.1311E+00   3.8228E+01
   2.1321E+00   3.8295E+01
   2.1340E+00   3.8402E+01
   2.1373E+00   3.8569E+01
   2.1430E+00   3.8826E+01
   2.1505E+00   3.9143E+01
   2.1580E+00   3.9446E+01
   2.1655E+00   3.9734E+01
   2.1730E+00   4.0011E+01
   2.1805E+00   4.0282E+01
   2.1880E+00   4.0502E+01
   2.1955E+00   4.0726E+01
   2.2030E+00   4.0951E+01
   2.2105E+00   4.1174E+01
   2.2180E+00   4.1396E+01
   2.2255E+00   4.1614E+01
   2.2330E+00   4.1828E+01
   2.2405E+00   4.2039E+01
   2.2480E+00   4.2245E+01
   2.2555E+00   4.2448E+01
   2.2630E+00   4.2646E+01
   2.2705E+00   4.2840E+01
   2.2780E+00   4.3029E+01
   2.2855E+00   4.3212E+01
   2.2930E+00   4.3390E+01
   2.3005E+00   4.3562E+01
   2.3080E+00   4.3728E+01
   2.3155E+00   4.3890E+01
   2.3230E+00   4.4045E+01
   2.3305E+00   4.4195E+01
   2.3380E+00   4.4359E+01
   2.3439E+00   4.4484E+01
   2.3514E+00   4.4628E+01
   2.3589E+00   4.4764E+01
   2.3664E+00   4.4892E+01
   2.3739E+00   4.5015E+01
   2.3814E+00   4.5133E+01
   2.3889E+00   4.5249E+01
   2.3964E+00   4.5362E+01
   2.4039E+00   4.5472E+01
   2.4114E+00   4.5578E+01
   2.4189E+00   4.5681E+01
   2.4264E+00   4.5781E+01
   2.4339E+00   4.5876E+01
   2.4414E+00   4.5967E+01
   2.4489E+00   4.6055E+01
   2.4564E+00   4.6140E+01
   2.4639E+00   4.6222E+01
   2.4714E+00   4.6302E+01
   2.4789E+00   4.6380E+01
   2.4864E+00   4.6488E+01
   2.4910E+00   4.6568E+01
   2.4941E+00   4.6627E+01
   2.4964E+00   4.6675E+01
   2.4989E+00   4.6719E+01
   2.5008E+00   4.6753E+01
   2.5008E+00   4.6753E+01
   2.5008E+00   4.6753E+01
   2.5008E+00   4.6753E+01
   2.5008E+00   4.6754E+01
   2.5008E+00   4.6754E+01
   2.5008E+00   4.6754E+01
   2.5008E+00   4.6754E+01
   2.5008E+00   4.6754E+01
   2.5008E+00   4.6754E+01
   2.5008E+00   4.6754E+01
   2.5008E+00   4.6754E+01
   2.5008E+00   4.6754E+01
   2.5008E+00   4.6754E+01
   2.5008E+00   4.6754E+01
   2.5008E+00   4.6754E+01
   2.5009E+00   4.6753E+01
   2.5010E+00   4.6753E+01
   2.5012E+00   4.6752E+01
   2.5013E+00   4.6751E+01
   2.5015E+00   4.6750E+01
   2.5018E+00   4.6748E+01
   2.5018E+00   4.6748E+01
   2.5019E+00   4.6747E+01
   2.5019E+00   4.6747E+01
   2.5020E+00   4.6746E+01
   2.5020E+00   4.6746E+01
   2.5021E+00   4.6745E+01
   2.5024E+00   4.6744E+01
   2.5027E+00   4.6743E+01
   2.5034E+00   4.6742E+01
   2.5043E+00   4.6743E+01
   2.5055E+00   4.6746E+01
   2.5069E+00   4.6751E+01
   2.5083E+00   4.6759E+01
   2.5104E+00   4.6753E+01
   2.5131E+00   4.6748E+01
   2.5159E+00   4.6748E+01
   2.5177E+00   4.6749E+01
   2.5190E+00   4.6752E+01
   2.5201E+00   4.6754E+01
   2.5205E+00   4.6755E+01
   2.5213E+00   4.6756E+01
   2.5225E+00   4.6759E+01
   2.5241E+00   4.6761E+01
   2.5249E+00   4.6762E+01
   2.5264E+00   4.6763E+01
   2.5284E+00   4.6765E+01
   2.5284E+00   4.6765E+01
   2.5284E+00   4.6765E+01
   2.5284E+00   4.6765E+01
   2.5284E+00   4.6765E+01
   2.5284E+00   4.6765E+01
   2.5284E+00   4.6765E+01
   2.5284E+00   4.6765E+01
   2.5284E+00   4.6765E+01
   2.5284E+00   4.6765E+01
   2.5284E+00   4.6765E+01
   2.5284E+00   4.6765E+01
   2.5284E+00   4.6765E+01
   2.5285E+00   4.6765E+01
   2.5285E+00   4.6766E+01
   2.5286E+00   4.6767E+01
   2.5287E+00   4.6769E+01
   2.5289E+00   4.6773E+01
   2.5290E+00   4.6775E+01
   2.5292E+00   4.6778E+01
   2.5292E+00   4.6780E+01
   2.5293E+00   4.6781E+01
   2.5293E+00   4.6782E+01
   2.5293E+00   4.6782E+01
   2.5293E+00   4.6782E+01
   2.5294E+00   4.6782E+01
   2.5294E+00   4.6782E+01
   2.5294E+00   4.6782E+01
   2.5294E+00   4.6782E+01
   2.5294E+00   4.6782E+01
   2.5294E+00   4.6783E+01
   2.5294E+00   4.6783E+01
   2.5294E+00   4.6783E+01
   2.5295E+00   4.6783E+01
   2.5295E+00   4.6783E+01
   2.5296E+00   4.6782E+01
   2.5297E+00   4.6782E+01
   2.5299E+00   4.6782E+01
   2.5302E+00   4.6782E+01
   2.5305E+00   4.6781E+01
   2.5308E+00   4.6780E+01
   2.5312E+00   4.6779E+01
   2.5315E+00   4.6778E+01
   2.5320E+00   4.6776E+01
   2.5326E+00   4.6774E+01
   2.5335E+00   4.6771E+01
   2.5351E+00   4.6764E+01
   2.5379E+00   4.6750E+01
   2.5426E+00   4.6718E+01
   2.5501E+00   4.6655E+01
   2.5576E+00   4.6591E+01
   2.5578E+00   4.6595E+01
   2.5578E+00   4.6596E+01
   2.5578E+00   4.6597E+01
   2.5578E+00   4.6598E+01
   2.5578E+00   4.6599E+01
   2.5578E+00   4.6600E+01
   2.5578E+00   4.6602E+01
   2.5578E+00   4.6603E+01
   2.5578E+00   4.6605E+01
   2.5578E+00   4.6607E+01
   2.5578E+00   4.6609E+01
   2.5578E+00   4.6611E+01
   2.5578E+00   4.6615E+01
   2.5578E+00   4.6617E+01
   2.5578E+00   4.6619E+01
   2.5578E+00   4.6620E+01
   2.5578E+00   4.6619E+01
   2.5579E+00   4.6619E+01
   2.5579E+00   4.6619E+01
   2.5579E+00   4.6619E+01
   2.5579E+00   4.6618E+01
   2.5579E+00   4.6618E+01
   2.5579E+00   4.6618E+01
   2.5580E+00   4.6618E+01
   2.5580E+00   4.6618E+01
   2.5580E+00   4.6618E+01
   2.5580E+00   4.6618E+01
   2.5580E+00   4.6618E+01
   2.5580E+00   4.6617E+01
   2.5580E+00   4.6617E+01
   2.5580E+00   4.6617E+01
   2.5581E+00   4.6617E+01
   2.5581E+00   4.6616E+01
   2.5582E+00   4.6616E+01
   2.5583E+00   4.6615E+01
   2.5584E+00   4.6615E+01
   2.5585E+00   4.6614E+01
   2.5586E+00   4.6613E+01
   2.5588E+00   4.6612E+01
   2.5590E+00   4.6610E+01
   2.5593E+00   4.6617E+01
   2.5599E+00   4.6627E+01
   2.5599E+00   4.6628E+01
   2.5600E+00   4.6629E+01
   2.5601E+00   4.6632E+01
   2.5602E+00   4.6634E+01
   2.5603E+00   4.6637E+01
   2.5605E+00   4.6640E+01
   2.5605E+00   4.6640E+01
   2.5605E+00   4.6640E+01
   2.5605E+00   4.6640E+01
   2.5605E+00   4.6640E+01
   2.5605E+00   4.6640E+01
   2.5606E+00   4.6641E+01
   2.5607E+00   4.6642E+01
   2.5608E+00   4.6645E+01
   2.5610E+00   4.6650E+01
   2.5614E+00   4.6659E+01
   2.5621E+00   4.6673E+01
   2.5633E+00   4.6698E+01
   2.5633E+00   4.6698E+01
   2.5633E+00   4.6698E+01
   2.5633E+00   4.6698E+01
   2.5633E+00   4.6698E+01
   2.5633E+00   4.6698E+01
   2.5633E+00   4.6698E+01
   2.5633E+00   4.6698E+01
   2.5633E+00   4.6698E+01
   2.5633E+00   4.6698E+01
   2.5633E+00   4.6698E+01
   2.5633E+00   4.6698E+01
   2.5634E+00   4.6699E+01
   2.5635E+00   4.6701E+01
   2.5636E+00   4.6706E+01
   2.5636E+00   4.6706E+01
   2.5636E+00   4.6706E+01
   2.5636E+00   4.6706E+01
   2.5636E+00   4.6706E+01
   2.5636E+00   4.6706E+01
   2.5637E+00   4.6706E+01
   2.5637E+00   4.6706E+01
   2.5637E+00   4.6706E+01
   2.5638E+00   4.6706E+01
   2.5638E+00   4.6706E+01
   2.5639E+00   4.6707E+01
   2.5640E+00   4.6708E+01
   2.5643E+00   4.6709E+01
   2.5646E+00   4.6710E+01
   2.5652E+00   4.6712E+01
   2.5663E+00   4.6714E+01
   2.5675E+00   4.6716E+01
   2.5677E+00   4.6716E+01
   2.5680E+00   4.6717E+01
   2.5686E+00   4.6718E+01
   2.5690E+00   4.6718E+01
   2.5695E+00   4.6718E+01
   2.5704E+00   4.6718E+01
   2.5719E+00   4.6718E+01
   2.5744E+00   4.6715E+01
   2.5788E+00   4.6707E+01
   2.5837E+00   4.6756E+01
   2.5838E+00   4.6756E+01
   2.5839E+00   4.6756E+01
   2.5839E+00   4.6756E+01
   2.5839E+00   4.6755E+01
   2.5840E+00   4.6755E+01
   2.5840E+00   4.6755E+01
   2.5840E+00   4.6755E+01
   2.5840E+00   4.6754E+01
   2.5840E+00   4.6754E+01
   2.5840E+00   4.6754E+01
   2.5840E+00   4.6754E+01
   2.5841E+00   4.6754E+01
   2.5842E+00   4.6753E+01
   2.5843E+00   4.6753E+01
   2.5844E+00   4.6754E+01
   2.5847E+00   4.6755E+01
   2.5849E+00   4.6757E+01
   2.5851E+00   4.6758E+01
   2.5853E+00   4.6761E+01
   2.5857E+00   4.6763E+01
   2.5859E+00   4.6764E+01
   2.5861E+00   4.6766E+01
   2.5865E+00   4.6768E+01
   2.5869E+00   4.6771E+01
   2.5869E+00   4.6771E+01
   2.5869E+00   4.6772E+01
   2.5869E+00   4.6772E+01
   2.5869E+00   4.6772E+01
   2.5869E+00   4.6772E+01
   2.5869E+00   4.6772E+01
   2.5869E+00   4.6772E+01
   2.5869E+00   4.6772E+01
   2.5869E+00   4.6772E+01
   2.5870E+00   4.6772E+01
   2.5870E+00   4.6772E+01
   2.5870E+00   4.6772E+01
   2.5870E+00   4.6772E+01
   2.5870E+00   4.6772E+01
   2.5870E+00   4.6772E+01
   2.5870E+00   4.6772E+01
   2.5870E+00   4.6772E+01
   2.5870E+00   4.6772E+01
   2.5870E+00   4.6772E+01
   2.5870E+00   4.6772E+01
   2.5870E+00   4.6772E+01
   2.5870E+00   4.6772E+01
   2.5870E+00   4.6772E+01
   2.5870E+00   4.6772E+01
   2.5870E+00   4.6772E+01
   2.5870E+00   4.6772E+01
   2.5870E+00   4.6772E+01
   2.5870E+00   4.6772E+01
   2.5870E+00   4.6772E+01
   2.5870E+00   4.6772E+01
   2.5870E+00   4.6772E+01
   2.5871E+00   4.6773E+01
   2.5872E+00   4.6774E+01
   2.5873E+00   4.6775E+01
   2.5874E+00   4.6777E+01
   2.5876E+00   4.6786E+01
   2.5879E+00   4.6797E+01
   2.5884E+00   4.6815E+01
   2.5884E+00   4.6815E+01
   2.5885E+00   4.6815E+01
   2.5885E+00   4.6815E+01
   2.5885E+00   4.6815E+01
   2.5885E+00   4.6815E+01
   2.5885E+00   4.6815E+01
   2.5886E+00   4.6815E+01
   2.5886E+00   4.6815E+01
   2.5886E+00   4.6815E+01
   2.5886E+00   4.6815E+01
   2.5886E+00   4.6815E+01
   2.5886E+00   4.6815E+01
   2.5887E+00   4.6814E+01
   2.5887E+00   4.6815E+01
   2.5888E+00   4.6815E+01
   2.5889E+00   4.6818E+01
   2.5890E+00   4.6821E+01
   2.5891E+00   4.6822E+01
   2.5892E+00   4.6823E+01
   2.5892E+00   4.6823E+01
   2.5893E+00   4.6824E+01
   2.5895E+00   4.6827E+01
   2.5898E+00   4.6836E+01
   2.5904E+00   4.6863E+01
   2.5913E+00   4.6933E+01
   2.5929E+00   4.7099E+01
   2.5957E+00   4.7447E+01
   2.6006E+00   4.8113E+01
   2.6077E+00   4.9075E+01
   2.6152E+00   4.9986E+01
   2.6227E+00   5.0804E+01
   2.6302E+00   5.1550E+01
   2.6377E+00   5.2246E+01
   2.6452E+00   5.2906E+01
   2.6527E+00   5.3547E+01
   2.6602E+00   5.4168E+01
   2.6677E+00   5.4754E+01
   2.6752E+00   5.4149E+01
   2.6753E+00   5.4151E+01
   2.6753E+00   5.4152E+01
   2.6753E+00   5.4152E+01
   2.6753E+00   5.4152E+01
   2.6753E+00   5.4152E+01
   2.6753E+00   5.4152E+01
   2.6753E+00   5.4152E+01
   2.6753E+00   5.4152E+01
   2.6753E+00   5.4152E+01
   2.6753E+00   5.4152E+01
   2.6753E+00   5.4152E+01
   2.6753E+00   5.4152E+01
   2.6753E+00   5.4152E+01
   2.6753E+00   5.4152E+01
   2.6753E+00   5.4152E+01
   2.6753E+00   5.4152E+01
   2.6753E+00   5.4152E+01
   2.6753E+00   5.4152E+01
   2.6753E+00   5.4152E+01
   2.6753E+00   5.4152E+01
   2.6753E+00   5.4152E+01
   2.6753E+00   5.4152E+01
   2.6753E+00   5.4152E+01
   2.6753E+00   5.4152E+01
   2.6753E+00   5.4152E+01
   2.6753E+00   5.4152E+01
   2.6753E+00   5.4152E+01
   2.6753E+00   5.4152E+01
   2.6753E+00   5.4152E+01
   2.6753E+00   5.4153E+01
   2.6753E+00   5.4153E+01
   2.6753E+00   5.4154E+01
   2.6753E+00   5.4155E+01
   2.6753E+00   5.4156E+01
   2.6753E+00   5.4157E+01
   2.6753E+00   5.4159E+01
   2.6753E+00   5.4161E+01
   2.6753E+00   5.4163E+01
   2.6753E+00   5.4166E+01
   2.6753E+00   5.4170E+01
   2.6753E+00   5.4175E+01
   2.6753E+00   5.4180E+01
   2.6753E+00   5.4186E+01
   2.6753E+00   5.4194E+01
   2.6753E+00   5.4204E+01
   2.6753E+00   5.4215E+01
   2.6753E+00   5.4230E+01
   2.6753E+00   5.4250E+01
   2.6754E+00   5.4276E+01
   2.6754E+00   5.4302E+01
   2.6754E+00   5.4328E+01
   2.6754E+00   5.4335E+01
   2.6755E+00   5.4337E+01
   2.6755E+00   5.4337E+01
   2.6755E+00   5.4339E+01
   2.6755E+00   5.4340E+01
   2.6755E+00   5.4342E+01
   2.6755E+00   5.4344E+01
   2.6756E+00   5.4346E+01
   2.6756E+00   5.4348E+01
   2.6756E+00   5.4350E+01
   2.6757E+00   5.4351E+01
   2.6757E+00   5.4353E+01
   2.6757E+00   5.4354E+01
   2.6757E+00   5.4354E+01
   2.6757E+00   5.4355E+01
   2.6757E+00   5.4355E+01
   2.6757E+00   5.4355E+01
   2.6757E+00   5.4355E+01
   2.6757E+00   5.4355E+01
   2.6757E+00   5.4356E+01
   2.6757E+00   5.4357E+01
   2.6757E+00   5.4357E+01
   2.6757E+00   5.4357E+01
   2.6757E+00   5.4357E+01
   2.6758E+00   5.4358E+01
   2.6758E+00   5.4358E+01
   2.6758E+00   5.4358E+01
   2.6758E+00   5.4359E+01
   2.6758E+00   5.4360E+01
   2.6758E+00   5.4360E+01
   2.6758E+00   5.4360E+01
   2.6758E+00   5.4361E+01
   2.6758E+00   5.4361E+01
   2.6758E+00   5.4362E+01
   2.6758E+00   5.4364E+01
   2.6758E+00   5.4365E+01
   2.6758E+00   5.4366E+01
   2.6758E+00   5.4367E+01
   2.6758E+00   5.4369E+01
   2.6759E+00   5.4373E+01
   2.6759E+00   5.4376E+01
   2.6759E+00   5.4376E+01
   2.6759E+00   5.4377E+01
   2.6760E+00   5.4379E+01
   2.6760E+00   5.4381E+01
   2.6760E+00   5.4383E+01
   2.6760E+00   5.4385E+01
   2.6760E+00   5.4385E+01
   2.6760E+00   5.4386E+01
   2.6760E+00   5.4386E+01
   2.6760E+00   5.4387E+01
   2.6761E+00   5.4389E+01
   2.6761E+00   5.4390E+01
   2.6761E+00   5.4392E+01
   2.6761E+00   5.4393E+01
   2.6761E+00   5.4394E+01
   2.6762E+00   5.4397E+01
   2.6762E+00   5.4401E+01
   2.6763E+00   5.4408E+01
   2.6764E+00   5.4420E+01
   2.6766E+00   5.4433E+01
   2.6769E+00   5.4449E+01
   2.6774E+00   5.4465E+01
   2.6780E+00   5.4477E+01
   2.6783E+00   5.4486E+01
   2.6787E+00   5.4495E+01
   2.6792E+00   5.4499E+01
   2.6800E+00   5.4491E+01
   2.6812E+00   5.4455E+01
   2.6832E+00   5.4351E+01
   2.6833E+00   5.4351E+01
   2.6834E+00   5.4352E+01
   2.6834E+00   5.4352E+01
   2.6834E+00   5.4353E+01
   2.6834E+00   5.4353E+01
   2.6834E+00   5.4354E+01
   2.6834E+00   5.4354E+01
   2.6834E+00   5.4355E+01
   2.6834E+00   5.4355E+01
   2.6834E+00   5.4356E+01
   2.6835E+00   5.4357E+01
   2.6835E+00   5.4357E+01
   2.6835E+00   5.4358E+01
   2.6835E+00   5.4358E+01
   2.6836E+00   5.4359E+01
   2.6836E+00   5.4360E+01
   2.6837E+00   5.4362E+01
   2.6837E+00   5.4364E+01
   2.6838E+00   5.4367E+01
   2.6839E+00   5.4370E+01
   2.6841E+00   5.4372E+01
   2.6844E+00   5.4373E+01
   2.6848E+00   5.4371E+01
   2.6853E+00   5.4360E+01
   2.6858E+00   5.4344E+01
   2.6867E+00   5.4309E+01
   2.6880E+00   5.4226E+01
   2.6880E+00   5.4226E+01
   2.6880E+00   5.4227E+01
   2.6880E+00   5.4232E+01
   2.6881E+00   5.4232E+01
   2.6881E+00   5.4232E+01
   2.6881E+00   5.4232E+01
   2.6881E+00   5.4232E+01
   2.6881E+00   5.4232E+01
   2.6881E+00   5.4232E+01
   2.6881E+00   5.4232E+01
   2.6881E+00   5.4232E+01
   2.6881E+00   5.4232E+01
   2.6881E+00   5.4232E+01
   2.6881E+00   5.4231E+01
   2.6881E+00   5.4231E+01
   2.6881E+00   5.4231E+01
   2.6881E+00   5.4231E+01
   2.6881E+00   5.4231E+01
   2.6881E+00   5.4231E+01
   2.6881E+00   5.4230E+01
   2.6881E+00   5.4230E+01
   2.6881E+00   5.4230E+01
   2.6881E+00   5.4230E+01
   2.6881E+00   5.4230E+01
   2.6881E+00   5.4229E+01
   2.6881E+00   5.4229E+01
   2.6881E+00   5.4229E+01
   2.6881E+00   5.4229E+01
   2.6881E+00   5.4228E+01
   2.6881E+00   5.4227E+01
   2.6881E+00   5.4226E+01
   2.6882E+00   5.4225E+01
   2.6882E+00   5.4223E+01
   2.6882E+00   5.4223E+01
   2.6882E+00   5.4223E+01
   2.6883E+00   5.4223E+01
   2.6883E+00   5.4222E+01
   2.6883E+00   5.4222E+01
   2.6883E+00   5.4221E+01
   2.6883E+00   5.4220E+01
   2.6884E+00   5.4218E+01
   2.6884E+00   5.4216E+01
   2.6885E+00   5.4212E+01
   2.6886E+00   5.4206E+01
   2.6887E+00   5.4198E+01
   2.6888E+00   5.4192E+01
   2.6889E+00   5.4186E+01
   2.6890E+00   5.4179E+01
   2.6892E+00   5.4166E+01
   2.6895E+00   5.4146E+01
   2.6898E+00   5.4119E+01
   2.6903E+00   5.4083E+01
   2.6909E+00   5.4037E+01
   2.6916E+00   5.3981E+01
   2.6916E+00   5.3979E+01
   2.6916E+00   5.3978E+01
   2.6916E+00   5.3977E+01
   2.6916E+00   5.3976E+01
   2.6916E+00   5.3976E+01
   2.6916E+00   5.3975E+01
   2.6916E+00   5.3975E+01
   2.6916E+00   5.3975E+01
   2.6916E+00   5.3975E+01
   2.6917E+00   5.3975E+01
   2.6917E+00   5.3974E+01
   2.6917E+00   5.3974E+01
   2.6917E+00   5.3974E+01
   2.6917E+00   5.3974E+01
   2.6917E+00   5.3974E+01
   2.6917E+00   5.3974E+01
   2.6917E+00   5.3973E+01
   2.6917E+00   5.3973E+01
   2.6917E+00   5.3972E+01
   2.6917E+00   5.3972E+01
   2.6917E+00   5.3972E+01
   2.6917E+00   5.3972E+01
   2.6917E+00   5.3971E+01
   2.6917E+00   5.3971E+01
   2.6917E+00   5.3970E+01
   2.6917E+00   5.3968E+01
   2.6918E+00   5.3965E+01
   2.6918E+00   5.3960E+01
   2.6919E+00   5.3951E+01
   2.6921E+00   5.3940E+01
   2.6923E+00   5.3921E+01
   2.6923E+00   5.3921E+01
   2.6923E+00   5.3921E+01
   2.6924E+00   5.3920E+01
   2.6924E+00   5.3919E+01
   2.6924E+00   5.3918E+01
   2.6925E+00   5.3914E+01
   2.6925E+00   5.3909E+01
   2.6927E+00   5.3897E+01
   2.6929E+00   5.3877E+01
   2.6930E+00   5.3873E+01
   2.6930E+00   5.3870E+01
   2.6931E+00   5.3866E+01
   2.6932E+00   5.3858E+01
   2.6933E+00   5.3844E+01
   2.6936E+00   5.3818E+01
   2.6941E+00   5.3770E+01
   2.6950E+00   5.3682E+01
   2.6965E+00   5.3527E+01
   2.6992E+00   5.3253E+01
   2.7038E+00   5.2826E+01
   2.7113E+00   5.2248E+01
   2.7113E+00   5.2247E+01
   2.7113E+00   5.2247E+01
   2.7113E+00   5.2247E+01
   2.7113E+00   5.2247E+01
   2.7113E+00   5.2247E+01
   2.7113E+00   5.2247E+01
   2.7113E+00   5.2247E+01
   2.7113E+00   5.2248E+01
   2.7113E+00   5.2248E+01
   2.7113E+00   5.2248E+01
   2.7113E+00   5.2248E+01
   2.7113E+00   5.2249E+01
   2.7113E+00   5.2249E+01
   2.7113E+00   5.2250E+01
   2.7113E+00   5.2250E+01
   2.7113E+00   5.2251E+01
   2.7113E+00   5.2251E+01
   2.7113E+00   5.2251E+01
   2.7114E+00   5.2249E+01
   2.7114E+00   5.2248E+01
   2.7114E+00   5.2246E+01
   2.7114E+00   5.2243E+01
   2.7115E+00   5.2241E+01
   2.7115E+00   5.2238E+01
   2.7115E+00   5.2235E+01
   2.7115E+00   5.2232E+01
   2.7116E+00   5.2228E+01
   2.7116E+00   5.2223E+01
   2.7116E+00   5.2221E+01
   2.7116E+00   5.2220E+01
   2.7116E+00   5.2219E+01
   2.7117E+00   5.2218E+01
   2.7117E+00   5.2216E+01
   2.7117E+00   5.2213E+01
   2.7117E+00   5.2212E+01
   2.7117E+00   5.2210E+01
   2.7118E+00   5.2208E+01
   2.7118E+00   5.2205E+01
   2.7118E+00   5.2201E+01
   2.7119E+00   5.2195E+01
   2.7120E+00   5.2187E+01
   2.7121E+00   5.2177E+01
   2.7122E+00   5.2169E+01
   2.7123E+00   5.2157E+01
   2.7124E+00   5.2149E+01
   2.7125E+00   5.2140E+01
   2.7126E+00   5.2127E+01
   2.7129E+00   5.2104E+01
   2.7133E+00   5.2065E+01
   2.7140E+00   5.2002E+01
   2.7153E+00   5.1899E+01
   2.7176E+00   5.1742E+01
   2.7190E+00   5.1637E+01
   2.7208E+00   5.1512E+01
   2.7234E+00   5.1357E+01
   2.7274E+00   5.1157E+01
   2.7343E+00   5.0904E+01
   2.7343E+00   5.0904E+01
   2.7343E+00   5.0904E+01
   2.7343E+00   5.0904E+01
   2.7343E+00   5.0904E+01
   2.7343E+00   5.0904E+01
   2.7343E+00   5.0904E+01
   2.7343E+00   5.0904E+01
   2.7343E+00   5.0904E+01
   2.7343E+00   5.0904E+01
   2.7343E+00   5.0904E+01
   2.7343E+00   5.0904E+01
   2.7343E+00   5.0904E+01
   2.7343E+00   5.0904E+01
   2.7343E+00   5.0903E+01
   2.7343E+00   5.0903E+01
   2.7343E+00   5.0903E+01
   2.7343E+00   5.0902E+01
   2.7343E+00   5.0901E+01
   2.7343E+00   5.0900E+01
   2.7343E+00   5.0899E+01
   2.7343E+00   5.0898E+01
   2.7343E+00   5.0897E+01
   2.7344E+00   5.0895E+01
   2.7344E+00   5.0893E+01
   2.7344E+00   5.0892E+01
   2.7344E+00   5.0892E+01
   2.7344E+00   5.0892E+01
   2.7344E+00   5.0891E+01
   2.7344E+00   5.0890E+01
   2.7345E+00   5.0887E+01
   2.7345E+00   5.0884E+01
   2.7346E+00   5.0877E+01
   2.7347E+00   5.0866E+01
   2.7349E+00   5.0849E+01
   2.7352E+00   5.0825E+01
   2.7356E+00   5.0787E+01
   2.7364E+00   5.0727E+01
   2.7364E+00   5.0725E+01
   2.7364E+00   5.0724E+01
   2.7364E+00   5.0724E+01
   2.7364E+00   5.0724E+01
   2.7364E+00   5.0725E+01
   2.7364E+00   5.0725E+01
   2.7364E+00   5.0724E+01
   2.7364E+00   5.0723E+01
   2.7365E+00   5.0721E+01
   2.7365E+00   5.0719E+01
   2.7366E+00   5.0716E+01
   2.7368E+00   5.0710E+01
   2.7371E+00   5.0699E+01
   2.7376E+00   5.0677E+01
   2.7384E+00   5.0642E+01
   2.7384E+00   5.0641E+01
   2.7384E+00   5.0640E+01
   2.7384E+00   5.0640E+01
   2.7384E+00   5.0640E+01
   2.7384E+00   5.0640E+01
   2.7385E+00   5.0639E+01
   2.7385E+00   5.0639E+01
   2.7385E+00   5.0639E+01
   2.7385E+00   5.0638E+01
   2.7385E+00   5.0638E+01
   2.7385E+00   5.0638E+01
   2.7385E+00   5.0638E+01
   2.7385E+00   5.0637E+01
   2.7386E+00   5.0637E+01
   2.7386E+00   5.0637E+01
   2.7386E+00   5.0636E+01
   2.7386E+00   5.0635E+01
   2.7387E+00   5.0635E+01
   2.7388E+00   5.0635E+01
   2.7389E+00   5.0636E+01
   2.7392E+00   5.0641E+01
   2.7396E+00   5.0651E+01
   2.7396E+00   5.0652E+01
   2.7397E+00   5.0652E+01
   2.7397E+00   5.0652E+01
   2.7397E+00   5.0653E+01
   2.7397E+00   5.0653E+01
   2.7397E+00   5.0653E+01
   2.7397E+00   5.0652E+01
   2.7398E+00   5.0652E+01
   2.7398E+00   5.0651E+01
   2.7398E+00   5.0649E+01
   2.7399E+00   5.0646E+01
   2.7399E+00   5.0640E+01
   2.7400E+00   5.0634E+01
   2.7401E+00   5.0625E+01
   2.7403E+00   5.0610E+01
   2.7406E+00   5.0584E+01
   2.7412E+00   5.0539E+01
   2.7422E+00   5.0463E+01
   2.7440E+00   5.0340E+01
   2.7468E+00   5.0160E+01
   2.7516E+00   4.9888E+01
   2.7591E+00   4.9526E+01
   2.7666E+00   4.9193E+01
   2.7741E+00   4.8886E+01
   2.7816E+00   4.8608E+01
   2.7817E+00   4.8604E+01
   2.7817E+00   4.8604E+01
   2.7817E+00   4.8604E+01
   2.7817E+00   4.8604E+01
   2.7817E+00   4.8604E+01
   2.7817E+00   4.8604E+01
   2.7817E+00   4.8604E+01
   2.7817E+00   4.8604E+01
   2.7817E+00   4.8605E+01
   2.7817E+00   4.8605E+01
   2.7817E+00   4.8605E+01
   2.7817E+00   4.8605E+01
   2.7817E+00   4.8605E+01
   2.7817E+00   4.8605E+01
   2.7817E+00   4.8605E+01
   2.7817E+00   4.8605E+01
   2.7817E+00   4.8605E+01
   2.7817E+00   4.8604E+01
   2.7818E+00   4.8603E+01
   2.7818E+00   4.8602E+01
   2.7818E+00   4.8601E+01
   2.7819E+00   4.8599E+01
   2.7819E+00   4.8600E+01
   2.7819E+00   4.8601E+01
   2.7820E+00   4.8603E+01
   2.7821E+00   4.8604E+01
   2.7821E+00   4.8606E+01
   2.7821E+00   4.8606E+01
   2.7821E+00   4.8606E+01
   2.7821E+00   4.8606E+01
   2.7822E+00   4.8607E+01
   2.7822E+00   4.8607E+01
   2.7822E+00   4.8607E+01
   2.7822E+00   4.8607E+01
   2.7822E+00   4.8608E+01
   2.7822E+00   4.8608E+01
   2.7822E+00   4.8608E+01
   2.7822E+00   4.8608E+01
   2.7822E+00   4.8608E+01
   2.7822E+00   4.8608E+01
   2.7822E+00   4.8608E+01
   2.7822E+00   4.8608E+01
   2.7822E+00   4.8608E+01
   2.7822E+00   4.8609E+01
   2.7822E+00   4.8609E+01
   2.7823E+00   4.8609E+01
   2.7823E+00   4.8610E+01
   2.7824E+00   4.8611E+01
   2.7824E+00   4.8612E+01
   2.7824E+00   4.8612E+01
   2.7825E+00   4.8613E+01
   2.7825E+00   4.8613E+01
   2.7825E+00   4.8613E+01
   2.7825E+00   4.8613E+01
   2.7825E+00   4.8613E+01
   2.7825E+00   4.8613E+01
   2.7825E+00   4.8613E+01
   2.7825E+00   4.8613E+01
   2.7825E+00   4.8613E+01
   2.7825E+00   4.8613E+01
   2.7825E+00   4.8613E+01
   2.7825E+00   4.8613E+01
   2.7825E+00   4.8613E+01
   2.7825E+00   4.8612E+01
   2.7825E+00   4.8612E+01
   2.7826E+00   4.8611E+01
   2.7826E+00   4.8609E+01
   2.7826E+00   4.8607E+01
   2.7827E+00   4.8603E+01
   2.7828E+00   4.8603E+01
   2.7828E+00   4.8602E+01
   2.7828E+00   4.8601E+01
   2.7828E+00   4.8600E+01
   2.7829E+00   4.8599E+01
   2.7829E+00   4.8596E+01
   2.7830E+00   4.8591E+01
   2.7833E+00   4.8583E+01
   2.7836E+00   4.8569E+01
   2.7843E+00   4.8545E+01
   2.7854E+00   4.8506E+01
   2.7867E+00   4.8458E+01
   2.7890E+00   4.8385E+01
   2.7929E+00   4.8225E+01
   2.7961E+00   4.8094E+01
   2.8006E+00   4.7929E+01
   2.8081E+00   4.7696E+01
   2.8156E+00   4.7486E+01
   2.8231E+00   4.7298E+01
   2.8306E+00   4.7129E+01
   2.8307E+00   4.7128E+01
   2.8307E+00   4.7128E+01
   2.8307E+00   4.7128E+01
   2.8307E+00   4.7128E+01
   2.8307E+00   4.7128E+01
   2.8307E+00   4.7129E+01
   2.8307E+00   4.7129E+01
   2.8307E+00   4.7129E+01
   2.8307E+00   4.7129E+01
   2.8307E+00   4.7129E+01
   2.8307E+00   4.7129E+01
   2.8307E+00   4.7129E+01
   2.8307E+00   4.7129E+01
   2.8307E+00   4.7130E+01
   2.8307E+00   4.7129E+01
   2.8307E+00   4.7129E+01
   2.8307E+00   4.7129E+01
   2.8308E+00   4.7128E+01
   2.8308E+00   4.7127E+01
   2.8308E+00   4.7126E+01
   2.8308E+00   4.7126E+01
   2.8309E+00   4.7125E+01
   2.8310E+00   4.7123E+01
   2.8310E+00   4.7122E+01
   2.8311E+00   4.7121E+01
   2.8312E+00   4.7119E+01
   2.8312E+00   4.7118E+01
   2.8312E+00   4.7118E+01
   2.8312E+00   4.7117E+01
   2.8313E+00   4.7117E+01
   2.8313E+00   4.7117E+01
   2.8313E+00   4.7117E+01
   2.8313E+00   4.7116E+01
   2.8314E+00   4.7121E+01
   2.8314E+00   4.7127E+01
   2.8315E+00   4.7136E+01
   2.8315E+00   4.7145E+01
   2.8316E+00   4.7150E+01
   2.8317E+00   4.7157E+01
   2.8318E+00   4.7169E+01
   2.8319E+00   4.7182E+01
   2.8321E+00   4.7199E+01
   2.8324E+00   4.7227E+01
   2.8330E+00   4.7271E+01
   2.8339E+00   4.7334E+01
   2.8355E+00   4.7423E+01
   2.8365E+00   4.7476E+01
   2.8375E+00   4.7525E+01
   2.8394E+00   4.7597E+01
   2.8426E+00   4.7707E+01
   2.8481E+00   4.7885E+01
   2.8556E+00   4.8116E+01
   2.8631E+00   4.8341E+01
   2.8632E+00   4.8329E+01
   2.8633E+00   4.8324E+01
   2.8633E+00   4.8324E+01
   2.8633E+00   4.8323E+01
   2.8633E+00   4.8322E+01
   2.8633E+00   4.8320E+01
   2.8633E+00   4.8319E+01
   2.8633E+00   4.8317E+01
   2.8633E+00   4.8316E+01
   2.8633E+00   4.8314E+01
   2.8634E+00   4.8313E+01
   2.8634E+00   4.8310E+01
   2.8634E+00   4.8306E+01
   2.8635E+00   4.8302E+01
   2.8635E+00   4.8297E+01
   2.8635E+00   4.8293E+01
   2.8636E+00   4.8290E+01
   2.8636E+00   4.8288E+01
   2.8636E+00   4.8287E+01
   2.8636E+00   4.8286E+01
   2.8636E+00   4.8286E+01
   2.8636E+00   4.8285E+01
   2.8636E+00   4.8284E+01
   2.8637E+00   4.8281E+01
   2.8637E+00   4.8278E+01
   2.8638E+00   4.8273E+01
   2.8639E+00   4.8266E+01
   2.8641E+00   4.8258E+01
   2.8644E+00   4.8248E+01
   2.8647E+00   4.8240E+01
   2.8650E+00   4.8235E+01
   2.8652E+00   4.8230E+01
   2.8654E+00   4.8225E+01
   2.8659E+00   4.8216E+01
   2.8662E+00   4.8210E+01
   2.8664E+00   4.8206E+01
   2.8668E+00   4.8198E+01
   2.8672E+00   4.8192E+01
   2.8677E+00   4.8184E+01
   2.8684E+00   4.8176E+01
   2.8689E+00   4.8171E+01
   2.8690E+00   4.8169E+01
   2.8691E+00   4.8168E+01
   2.8692E+00   4.8166E+01
   2.8693E+00   4.8161E+01
   2.8693E+00   4.8156E+01
   2.8694E+00   4.8150E+01
   2.8695E+00   4.8144E+01
   2.8696E+00   4.8139E+01
   2.8696E+00   4.8138E+01
   2.8696E+00   4.8137E+01
   2.8696E+00   4.8136E+01
   2.8697E+00   4.8134E+01
   2.8697E+00   4.8132E+01
   2.8698E+00   4.8127E+01
   2.8698E+00   4.8127E+01
   2.8698E+00   4.8126E+01
   2.8698E+00   4.8124E+01
   2.8698E+00   4.8123E+01
   2.8698E+00   4.8123E+01
   2.8699E+00   4.8123E+01
   2.8699E+00   4.8123E+01
   2.8699E+00   4.8123E+01
   2.8699E+00   4.8123E+01
   2.8699E+00   4.8122E+01
   2.8699E+00   4.8123E+01
   2.8699E+00   4.8123E+01
   2.8699E+00   4.8123E+01
   2.8700E+00   4.8123E+01
   2.8700E+00   4.8124E+01
   2.8701E+00   4.8125E+01
   2.8703E+00   4.8126E+01
   2.8706E+00   4.8129E+01
   2.8710E+00   4.8136E+01
   2.8719E+00   4.8152E+01
   2.8730E+00   4.8179E+01
   2.8736E+00   4.8194E+01
   2.8747E+00   4.8225E+01
   2.8747E+00   4.8225E+01
   2.8747E+00   4.8225E+01
   2.8747E+00   4.8224E+01
   2.8747E+00   4.8224E+01
   2.8747E+00   4.8223E+01
   2.8747E+00   4.8222E+01
   2.8747E+00   4.8222E+01
   2.8748E+00   4.8221E+01
   2.8748E+00   4.8220E+01
   2.8748E+00   4.8220E+01
   2.8748E+00   4.8219E+01
   2.8748E+00   4.8218E+01
   2.8748E+00   4.8218E+01
   2.8749E+00   4.8217E+01
   2.8749E+00   4.8217E+01
   2.8749E+00   4.8217E+01
   2.8750E+00   4.8217E+01
   2.8750E+00   4.8216E+01
   2.8751E+00   4.8216E+01
   2.8752E+00   4.8216E+01
   2.8754E+00   4.8217E+01
   2.8758E+00   4.8222E+01
   2.8764E+00   4.8235E+01
   2.8768E+00   4.8241E+01
   2.8774E+00   4.8253E+01
   2.8782E+00   4.8279E+01
   2.8797E+00   4.8330E+01
   2.8822E+00   4.8428E+01
   2.8866E+00   4.8595E+01
   2.8866E+00   4.8596E+01
   2.8866E+00   4.8596E+01
   2.8866E+00   4.8596E+01
   2.8866E+00   4.8596E+01
   2.8866E+00   4.8596E+01
   2.8866E+00   4.8596E+01
   2.8867E+00   4.8596E+01
   2.8867E+00   4.8596E+01
   2.8867E+00   4.8596E+01
   2.8867E+00   4.8596E+01
   2.8867E+00   4.8596E+01
   2.8867E+00   4.8597E+01
   2.8868E+00   4.8597E+01
   2.8868E+00   4.8597E+01
   2.8869E+00   4.8598E+01
   2.8870E+00   4.8598E+01
   2.8870E+00   4.8599E+01
   2.8871E+00   4.8599E+01
   2.8871E+00   4.8600E+01
   2.8871E+00   4.8600E+01
   2.8872E+00   4.8601E+01
   2.8873E+00   4.8603E+01
   2.8874E+00   4.8605E+01
   2.8877E+00   4.8607E+01
   2.8877E+00   4.8607E+01
   2.8877E+00   4.8608E+01
   2.8878E+00   4.8608E+01
   2.8878E+00   4.8609E+01
   2.8878E+00   4.8609E+01
   2.8878E+00   4.8609E+01
   2.8878E+00   4.8609E+01
   2.8878E+00   4.8609E+01
   2.8878E+00   4.8609E+01
   2.8878E+00   4.8609E+01
   2.8878E+00   4.8609E+01
   2.8878E+00   4.8609E+01
   2.8878E+00   4.8609E+01
   2.8878E+00   4.8610E+01
   2.8878E+00   4.8610E+01
   2.8879E+00   4.8610E+01
   2.8879E+00   4.8610E+01
   2.8879E+00   4.8610E+01
   2.8879E+00   4.8611E+01
   2.8880E+00   4.8611E+01
   2.8880E+00   4.8612E+01
   2.8881E+00   4.8613E+01
   2.8883E+00   4.8615E+01
   2.8886E+00   4.8618E+01
   2.8892E+00   4.8622E+01
   2.8901E+00   4.8627E+01
   2.8917E+00   4.8631E+01
   2.8945E+00   4.8630E+01
   2.8976E+00   4.8626E+01
   2.8982E+00   4.8625E+01
   2.8987E+00   4.8624E+01
   2.8995E+00   4.8623E+01
   2.9009E+00   4.8619E+01
   2.9034E+00   4.8609E+01
   2.9048E+00   4.8603E+01
   2.9072E+00   4.8590E+01
   2.9114E+00   4.8563E+01
   2.9158E+00   4.8713E+01
   2.9181E+00   4.8790E+01
   2.9216E+00   4.8884E+01
   2.9220E+00   4.8895E+01
   2.9223E+00   4.8897E+01
   2.9223E+00   4.8896E+01
   2.9223E+00   4.8896E+01
   2.9223E+00   4.8895E+01
   2.9223E+00   4.8895E+01
   2.9223E+00   4.8894E+01
   2.9224E+00   4.8894E+01
   2.9224E+00   4.8893E+01
   2.9224E+00   4.8893E+01
   2.9224E+00   4.8892E+01
   2.9224E+00   4.8891E+01
   2.9225E+00   4.8889E+01
   2.9225E+00   4.8888E+01
   2.9226E+00   4.8887E+01
   2.9226E+00   4.8886E+01
   2.9226E+00   4.8885E+01
   2.9226E+00   4.8885E+01
   2.9227E+00   4.8884E+01
   2.9227E+00   4.8883E+01
   2.9227E+00   4.8882E+01
   2.9228E+00   4.8881E+01
   2.9228E+00   4.8880E+01
   2.9229E+00   4.8879E+01
   2.9229E+00   4.8879E+01
   2.9229E+00   4.8879E+01
   2.9229E+00   4.8879E+01
   2.9229E+00   4.8879E+01
   2.9229E+00   4.8878E+01
   2.9229E+00   4.8878E+01
   2.9229E+00   4.8878E+01
   2.9229E+00   4.8878E+01
   2.9229E+00   4.8878E+01
   2.9229E+00   4.8878E+01
   2.9229E+00   4.8878E+01
   2.9229E+00   4.8877E+01
   2.9229E+00   4.8877E+01
   2.9229E+00   4.8877E+01
   2.9230E+00   4.8876E+01
   2.9230E+00   4.8875E+01
   2.9231E+00   4.8874E+01
   2.9232E+00   4.8873E+01
   2.9233E+00   4.8871E+01
   2.9235E+00   4.8867E+01
   2.9239E+00   4.8862E+01
   2.9245E+00   4.8855E+01
   2.9245E+00   4.8855E+01
   2.9245E+00   4.8855E+01
   2.9245E+00   4.8855E+01
   2.9245E+00   4.8855E+01
   2.9245E+00   4.8855E+01
   2.9245E+00   4.8855E+01
   2.9245E+00   4.8855E+01
   2.9245E+00   4.8855E+01
   2.9245E+00   4.8855E+01
   2.9245E+00   4.8855E+01
   2.9245E+00   4.8855E+01
   2.9245E+00   4.8855E+01
   2.9245E+00   4.8855E+01
   2.9245E+00   4.8855E+01
   2.9245E+00   4.8855E+01
   2.9245E+00   4.8855E+01
   2.9245E+00   4.8855E+01
   2.9245E+00   4.8854E+01
   2.9245E+00   4.8854E+01
   2.9245E+00   4.8854E+01
   2.9245E+00   4.8854E+01
   2.9245E+00   4.8854E+01
   2.9246E+00   4.8854E+01
   2.9246E+00   4.8853E+01
   2.9247E+00   4.8853E+01
   2.9248E+00   4.8853E+01
   2.9250E+00   4.8854E+01
   2.9252E+00   4.8855E+01
   2.9252E+00   4.8855E+01
   2.9252E+00   4.8855E+01
   2.9253E+00   4.8855E+01
   2.9253E+00   4.8855E+01
   2.9253E+00   4.8855E+01
   2.9254E+00   4.8855E+01
   2.9254E+00   4.8855E+01
   2.9256E+00   4.8857E+01
   2.9258E+00   4.8860E+01
   2.9262E+00   4.8868E+01
   2.9269E+00   4.8868E+01
   2.9275E+00   4.8868E+01
   2.9283E+00   4.8868E+01
   2.9294E+00   4.8867E+01
   2.9300E+00   4.8866E+01
   2.9311E+00   4.8865E+01
   2.9330E+00   4.8863E+01
   2.9340E+00   4.8862E+01
   2.9353E+00   4.8860E+01
   2.9373E+00   4.8857E+01
   2.9402E+00   4.8852E+01
   2.9454E+00   4.8846E+01
   2.9529E+00   4.8840E+01
   2.9530E+00   4.8840E+01
   2.9531E+00   4.8840E+01
   2.9532E+00   4.8840E+01
   2.9535E+00   4.8839E+01
   2.9536E+00   4.8839E+01
   2.9537E+00   4.8839E+01
   2.9537E+00   4.8839E+01
   2.9538E+00   4.8840E+01
   2.9538E+00   4.8841E+01
   2.9539E+00   4.8844E+01
   2.9541E+00   4.8849E+01
   2.9544E+00   4.8857E+01
   2.9549E+00   4.8871E+01
   2.9558E+00   4.8892E+01
   2.9560E+00   4.8898E+01
   2.9562E+00   4.8902E+01
   2.9562E+00   4.8902E+01
   2.9562E+00   4.8902E+01
   2.9562E+00   4.8902E+01
   2.9562E+00   4.8902E+01
   2.9562E+00   4.8902E+01
   2.9562E+00   4.8902E+01
   2.9562E+00   4.8902E+01
   2.9562E+00   4.8902E+01
   2.9562E+00   4.8902E+01
   2.9562E+00   4.8902E+01
   2.9562E+00   4.8902E+01
   2.9562E+00   4.8902E+01
   2.9562E+00   4.8902E+01
   2.9562E+00   4.8902E+01
   2.9562E+00   4.8902E+01
   2.9562E+00   4.8902E+01
   2.9562E+00   4.8902E+01
   2.9562E+00   4.8902E+01
   2.9562E+00   4.8902E+01
   2.9562E+00   4.8902E+01
   2.9562E+00   4.8902E+01
   2.9562E+00   4.8902E+01
   2.9562E+00   4.8902E+01
   2.9563E+00   4.8902E+01
   2.9563E+00   4.8902E+01
   2.9563E+00   4.8902E+01
   2.9563E+00   4.8902E+01
   2.9563E+00   4.8902E+01
   2.9563E+00   4.8902E+01
   2.9564E+00   4.8902E+01
   2.9564E+00   4.8901E+01
   2.9565E+00   4.8901E+01
   2.9567E+00   4.8901E+01
   2.9570E+00   4.8900E+01
   2.9574E+00   4.8899E+01
   2.9582E+00   4.8899E+01
   2.9583E+00   4.8898E+01
   2.9586E+00   4.8895E+01
   2.9587E+00   4.8895E+01
   2.9587E+00   4.8894E+01
   2.9588E+00   4.8893E+01
   2.9590E+00   4.8891E+01
   2.9591E+00   4.8891E+01
   2.9591E+00   4.8891E+01
   2.9591E+00   4.8890E+01
   2.9592E+00   4.8890E+01
   2.9593E+00   4.8889E+01
   2.9594E+00   4.8887E+01
   2.9597E+00   4.8884E+01
   2.9602E+00   4.8879E+01
   2.9610E+00   4.8869E+01
   2.9625E+00   4.8850E+01
   2.9650E+00   4.8813E+01
   2.9655E+00   4.8807E+01
   2.9659E+00   4.8802E+01
   2.9659E+00   4.8802E+01
   2.9659E+00   4.8802E+01
   2.9659E+00   4.8802E+01
   2.9659E+00   4.8802E+01
   2.9659E+00   4.8803E+01
   2.9659E+00   4.8803E+01
   2.9660E+00   4.8803E+01
   2.9660E+00   4.8802E+01
   2.9660E+00   4.8802E+01
   2.9660E+00   4.8802E+01
   2.9660E+00   4.8802E+01
   2.9661E+00   4.8802E+01
   2.9661E+00   4.8802E+01
   2.9661E+00   4.8802E+01
   2.9661E+00   4.8802E+01
   2.9661E+00   4.8801E+01
   2.9661E+00   4.8801E+01
   2.9662E+00   4.8801E+01
   2.9662E+00   4.8801E+01
   2.9663E+00   4.8800E+01
   2.9665E+00   4.8799E+01
   2.9669E+00   4.8808E+01
   2.9674E+00   4.8822E+01
   2.9674E+00   4.8822E+01
   2.9674E+00   4.8822E+01
   2.9674E+00   4.8822E+01
   2.9674E+00   4.8822E+01
   2.9674E+00   4.8822E+01
   2.9674E+00   4.8822E+01
   2.9674E+00   4.8822E+01
   2.9674E+00   4.8822E+01
   2.9674E+00   4.8822E+01
   2.9674E+00   4.8822E+01
   2.9674E+00   4.8822E+01
   2.9674E+00   4.8822E+01
   2.9674E+00   4.8822E+01
   2.9674E+00   4.8823E+01
   2.9674E+00   4.8823E+01
   2.9674E+00   4.8823E+01
   2.9674E+00   4.8822E+01
   2.9674E+00   4.8822E+01
   2.9674E+00   4.8822E+01
   2.9674E+00   4.8822E+01
   2.9675E+00   4.8822E+01
   2.9675E+00   4.8822E+01
   2.9676E+00   4.8822E+01
   2.9677E+00   4.8822E+01
   2.9678E+00   4.8823E+01
   2.9681E+00   4.8823E+01
   2.9684E+00   4.8823E+01
   2.9688E+00   4.8823E+01
   2.9694E+00   4.8822E+01
   2.9704E+00   4.8820E+01
   2.9721E+00   4.8813E+01
   2.9751E+00   4.8795E+01
   2.9786E+00   4.8770E+01
   2.9833E+00   4.8731E+01
   2.9908E+00   4.8660E+01
   2.9909E+00   4.8660E+01
   2.9911E+00   4.8660E+01
   2.9911E+00   4.8660E+01
   2.9911E+00   4.8660E+01
   2.9911E+00   4.8660E+01
   2.9911E+00   4.8660E+01
   2.9911E+00   4.8660E+01
   2.9911E+00   4.8660E+01
   2.9911E+00   4.8660E+01
   2.9911E+00   4.8660E+01
   2.9911E+00   4.8660E+01
   2.9911E+00   4.8660E+01
   2.9911E+00   4.8660E+01
   2.9911E+00   4.8660E+01
   2.9911E+00   4.8660E+01
   2.9911E+00   4.8660E+01
   2.9911E+00   4.8659E+01
   2.9911E+00   4.8658E+01
   2.9912E+00   4.8658E+01
   2.9912E+00   4.8657E+01
   2.9912E+00   4.8656E+01
   2.9913E+00   4.8655E+01
   2.9913E+00   4.8655E+01
   2.9913E+00   4.8654E+01
   2.9913E+00   4.8653E+01
   2.9914E+00   4.8651E+01
   2.9915E+00   4.8649E+01
   2.9915E+00   4.8648E+01
   2.9916E+00   4.8647E+01
   2.9916E+00   4.8645E+01
   2.9917E+00   4.8642E+01
   2.9917E+00   4.8642E+01
   2.9918E+00   4.8642E+01
   2.9918E+00   4.8641E+01
   2.9918E+00   4.8641E+01
   2.9918E+00   4.8641E+01
   2.9918E+00   4.8640E+01
   2.9918E+00   4.8640E+01
   2.9918E+00   4.8639E+01
   2.9919E+00   4.8638E+01
   2.9919E+00   4.8637E+01
   2.9920E+00   4.8636E+01
   2.9920E+00   4.8634E+01
   2.9921E+00   4.8632E+01
   2.9923E+00   4.8627E+01
   2.9927E+00   4.8619E+01
   2.9933E+00   4.8607E+01
   2.9936E+00   4.8600E+01
   2.9938E+00   4.8596E+01
   2.9938E+00   4.8596E+01
   2.9938E+00   4.8596E+01
   2.9938E+00   4.8596E+01
   2.9938E+00   4.8596E+01
   2.9938E+00   4.8596E+01
   2.9938E+00   4.8595E+01
   2.9939E+00   4.8595E+01
   2.9939E+00   4.8595E+01
   2.9939E+00   4.8595E+01
   2.9939E+00   4.8595E+01
   2.9939E+00   4.8595E+01
   2.9939E+00   4.8595E+01
   2.9939E+00   4.8594E+01
   2.9939E+00   4.8594E+01
   2.9939E+00   4.8594E+01
   2.9939E+00   4.8594E+01
   2.9939E+00   4.8594E+01
   2.9939E+00   4.8593E+01
   2.9940E+00   4.8592E+01
   2.9941E+00   4.8590E+01
   2.9942E+00   4.8588E+01
   2.9943E+00   4.8586E+01
   2.9943E+00   4.8585E+01
   2.9944E+00   4.8583E+01
   2.9945E+00   4.8581E+01
   2.9945E+00   4.8581E+01
   2.9945E+00   4.8581E+01
   2.9945E+00   4.8581E+01
   2.9945E+00   4.8581E+01
   2.9946E+00   4.8580E+01
   2.9946E+00   4.8579E+01
   2.9947E+00   4.8577E+01
   2.9948E+00   4.8574E+01
   2.9950E+00   4.8569E+01
   2.9951E+00   4.8569E+01
   2.9951E+00   4.8570E+01
   2.9951E+00   4.8570E+01
   2.9952E+00   4.8571E+01
   2.9952E+00   4.8571E+01
   2.9952E+00   4.8571E+01
   2.9952E+00   4.8572E+01
   2.9952E+00   4.8572E+01
   2.9952E+00   4.8572E+01
   2.9952E+00   4.8572E+01
   2.9952E+00   4.8572E+01
   2.9952E+00   4.8572E+01
   2.9952E+00   4.8572E+01
   2.9952E+00   4.8572E+01
   2.9953E+00   4.8572E+01
   2.9953E+00   4.8572E+01
   2.9953E+00   4.8572E+01
   2.9953E+00   4.8572E+01
   2.9953E+00   4.8572E+01
   2.9953E+00   4.8572E+01
   2.9953E+00   4.8571E+01
   2.9954E+00   4.8570E+01
   2.9955E+00   4.8569E+01
   2.9957E+00   4.8566E+01
   2.9960E+00   4.8561E+01
