# Trace from filein = ./62270a01                                                                                                                   
#   time        PRAD                                                                                                                         
   2.0000E+00  -2.6516E-01
   2.0000E+00  -2.6596E-01
   2.0000E+00  -2.6646E-01
   2.0001E+00  -2.6687E-01
   2.0001E+00  -2.6723E-01
   2.0001E+00  -2.6757E-01
   2.0001E+00  -2.6792E-01
   2.0001E+00  -2.6830E-01
   2.0001E+00  -2.6869E-01
   2.0001E+00  -2.6907E-01
   2.0001E+00  -2.6946E-01
   2.0002E+00  -2.6985E-01
   2.0002E+00  -2.7024E-01
   2.0002E+00  -2.7064E-01
   2.0002E+00  -2.7103E-01
   2.0002E+00  -2.7144E-01
   2.0002E+00  -2.7186E-01
   2.0003E+00  -2.7232E-01
   2.0003E+00  -2.7285E-01
   2.0003E+00  -2.7349E-01
   2.0003E+00  -2.6194E-01
   2.0004E+00  -2.4645E-01
   2.0005E+00  -2.1235E-01
   2.0006E+00  -1.8438E-01
   2.0007E+00  -1.6373E-01
   2.0007E+00  -1.5088E-01
   2.0008E+00  -1.4920E-01
   2.0008E+00  -1.5237E-01
   2.0009E+00  -1.5620E-01
   2.0009E+00  -1.5890E-01
   2.0010E+00  -1.6014E-01
   2.0011E+00  -1.6028E-01
   2.0011E+00  -1.5976E-01
   2.0013E+00  -1.5894E-01
   2.0014E+00  -1.5799E-01
   2.0015E+00  -1.5707E-01
   2.0017E+00  -1.5622E-01
   2.0018E+00  -1.5546E-01
   2.0020E+00  -1.5471E-01
   2.0022E+00  -1.5394E-01
   2.0024E+00  -1.5434E-01
   2.0026E+00  -1.5255E-01
   2.0028E+00  -1.5136E-01
   2.0030E+00  -1.5062E-01
   2.0031E+00  -1.5020E-01
   2.0032E+00  -1.5003E-01
   2.0033E+00  -1.5002E-01
   2.0034E+00  -1.5002E-01
   2.0035E+00  -1.4996E-01
   2.0036E+00  -1.4982E-01
   2.0038E+00  -1.4959E-01
   2.0040E+00  -1.4928E-01
   2.0041E+00  -1.4890E-01
   2.0043E+00  -1.4847E-01
   2.0044E+00  -1.4808E-01
   2.0045E+00  -1.4794E-01
   2.0047E+00  -1.4786E-01
   2.0049E+00  -1.4785E-01
   2.0053E+00  -1.4782E-01
   2.0060E+00  -1.4768E-01
   2.0072E+00  -1.4687E-01
   2.0083E+00  -1.4594E-01
   2.0099E+00  -1.4568E-01
   2.0126E+00  -1.4570E-01
   2.0172E+00  -1.4557E-01
   2.0237E+00  -1.4500E-01
   2.0312E+00  -1.4382E-01
   2.0387E+00  -1.4253E-01
   2.0462E+00  -1.4154E-01
   2.0537E+00  -1.4071E-01
   2.0593E+00  -1.3968E-01
   2.0668E+00  -1.3948E-01
   2.0742E+00  -1.3900E-01
   2.0817E+00  -1.3862E-01
   2.0893E+00  -1.3823E-01
   2.0968E+00  -1.3787E-01
   2.1036E+00  -1.3751E-01
   2.1106E+00  -1.3718E-01
   2.1181E+00  -1.3685E-01
   2.1256E+00  -1.3647E-01
   2.1266E+00  -1.3614E-01
   2.1284E+00  -1.3598E-01
   2.1288E+00  -1.3575E-01
   2.1293E+00  -1.3551E-01
   2.1295E+00  -1.3527E-01
   2.1296E+00  -1.3485E-01
   2.1297E+00  -1.3444E-01
   2.1298E+00  -1.3465E-01
   2.1300E+00  -1.3499E-01
   2.1304E+00  -1.3526E-01
   2.1311E+00  -1.3538E-01
   2.1321E+00  -1.3541E-01
   2.1340E+00  -1.3536E-01
   2.1373E+00  -1.3528E-01
   2.1430E+00  -1.3519E-01
   2.1505E+00  -1.3500E-01
   2.1580E+00  -1.3473E-01
   2.1655E+00  -1.3444E-01
   2.1730E+00  -1.3407E-01
   2.1805E+00  -1.3376E-01
   2.1880E+00  -1.3362E-01
   2.1955E+00  -1.3345E-01
   2.2030E+00  -1.3328E-01
   2.2105E+00  -1.3309E-01
   2.2180E+00  -1.3292E-01
   2.2255E+00  -1.3273E-01
   2.2330E+00  -1.3256E-01
   2.2405E+00  -1.3238E-01
   2.2480E+00  -1.3223E-01
   2.2555E+00  -1.3207E-01
   2.2630E+00  -1.3194E-01
   2.2705E+00  -1.3180E-01
   2.2780E+00  -1.3168E-01
   2.2855E+00  -1.3155E-01
   2.2930E+00  -1.3144E-01
   2.3005E+00  -1.3132E-01
   2.3080E+00  -1.3121E-01
   2.3155E+00  -1.3110E-01
   2.3230E+00  -1.3100E-01
   2.3305E+00  -1.3089E-01
   2.3380E+00  -1.3124E-01
   2.3439E+00  -1.3119E-01
   2.3514E+00  -1.3109E-01
   2.3589E+00  -1.3094E-01
   2.3664E+00  -1.3081E-01
   2.3739E+00  -1.3069E-01
   2.3814E+00  -1.3061E-01
   2.3889E+00  -1.3056E-01
   2.3964E+00  -1.3052E-01
   2.4039E+00  -1.3050E-01
   2.4114E+00  -1.3048E-01
   2.4189E+00  -1.3046E-01
   2.4264E+00  -1.3044E-01
   2.4339E+00  -1.3040E-01
   2.4414E+00  -1.3036E-01
   2.4489E+00  -1.3032E-01
   2.4564E+00  -1.3028E-01
   2.4639E+00  -1.3024E-01
   2.4714E+00  -1.3021E-01
   2.4789E+00  -1.3018E-01
   2.4864E+00  -1.2992E-01
   2.4910E+00  -1.2991E-01
   2.4941E+00  -1.3013E-01
   2.4964E+00  -1.3038E-01
   2.4989E+00  -1.3046E-01
   2.5008E+00  -1.3055E-01
   2.5008E+00  -1.3049E-01
   2.5008E+00  -1.6271E-01
   2.5008E+00  -1.6844E-01
   2.5008E+00  -1.6015E-01
   2.5008E+00  -1.4716E-01
   2.5008E+00  -1.4816E-01
   2.5008E+00  -1.4064E-01
   2.5008E+00  -1.2684E-01
   2.5008E+00  -1.2685E-01
   2.5008E+00  -1.2684E-01
   2.5008E+00  -1.2684E-01
   2.5008E+00  -1.2819E-01
   2.5008E+00  -1.2958E-01
   2.5008E+00  -1.3042E-01
   2.5008E+00  -1.3104E-01
   2.5009E+00  -1.3080E-01
   2.5010E+00  -1.3055E-01
   2.5012E+00  -1.3035E-01
   2.5013E+00  -1.3020E-01
   2.5015E+00  -1.3009E-01
   2.5018E+00  -1.3003E-01
   2.5018E+00  -1.2999E-01
   2.5019E+00  -1.2814E-01
   2.5019E+00  -1.2866E-01
   2.5020E+00  -1.2935E-01
   2.5020E+00  -1.2983E-01
   2.5021E+00  -1.3005E-01
   2.5024E+00  -1.3012E-01
   2.5027E+00  -1.3012E-01
   2.5034E+00  -1.3010E-01
   2.5043E+00  -1.3006E-01
   2.5055E+00  -1.3000E-01
   2.5069E+00  -1.2993E-01
   2.5083E+00  -1.2987E-01
   2.5104E+00  -1.2952E-01
   2.5131E+00  -1.2966E-01
   2.5159E+00  -1.2981E-01
   2.5177E+00  -1.3006E-01
   2.5190E+00  -1.3034E-01
   2.5201E+00  -1.3049E-01
   2.5205E+00  -1.3048E-01
   2.5213E+00  -1.3050E-01
   2.5225E+00  -1.3042E-01
   2.5241E+00  -1.3036E-01
   2.5249E+00  -1.3030E-01
   2.5264E+00  -1.3022E-01
   2.5284E+00  -1.3019E-01
   2.5284E+00  -1.3017E-01
   2.5284E+00  -1.2684E-01
   2.5284E+00  -1.2684E-01
   2.5284E+00  -1.2684E-01
   2.5284E+00  -1.2684E-01
   2.5284E+00  -1.2684E-01
   2.5284E+00  -1.2684E-01
   2.5284E+00  -1.2684E-01
   2.5284E+00  -1.2684E-01
   2.5284E+00  -1.2684E-01
   2.5284E+00  -1.2717E-01
   2.5284E+00  -1.2838E-01
   2.5285E+00  -1.2938E-01
   2.5285E+00  -1.2994E-01
   2.5286E+00  -1.3017E-01
   2.5287E+00  -1.3024E-01
   2.5289E+00  -1.3025E-01
   2.5290E+00  -1.3022E-01
   2.5292E+00  -1.3038E-01
   2.5292E+00  -1.3028E-01
   2.5293E+00  -1.3048E-01
   2.5293E+00  -1.3031E-01
   2.5293E+00  -1.3085E-01
   2.5293E+00  -1.3041E-01
   2.5294E+00  -1.3027E-01
   2.5294E+00  -1.3016E-01
   2.5294E+00  -1.2982E-01
   2.5294E+00  -1.2984E-01
   2.5294E+00  -1.3046E-01
   2.5294E+00  -1.3023E-01
   2.5294E+00  -1.3093E-01
   2.5294E+00  -1.3043E-01
   2.5295E+00  -1.2922E-01
   2.5295E+00  -1.2982E-01
   2.5296E+00  -1.3015E-01
   2.5297E+00  -1.3026E-01
   2.5299E+00  -1.3027E-01
   2.5302E+00  -1.3024E-01
   2.5305E+00  -1.3021E-01
   2.5308E+00  -1.3018E-01
   2.5312E+00  -1.3018E-01
   2.5315E+00  -1.3018E-01
   2.5320E+00  -1.3018E-01
   2.5326E+00  -1.3018E-01
   2.5335E+00  -1.3019E-01
   2.5351E+00  -1.3021E-01
   2.5379E+00  -1.3027E-01
   2.5426E+00  -1.3037E-01
   2.5501E+00  -1.3052E-01
   2.5576E+00  -1.3067E-01
   2.5578E+00  -1.3046E-01
   2.5578E+00  -1.3503E-01
   2.5578E+00  -1.8512E-01
   2.5578E+00  -2.2065E-01
   2.5578E+00  -2.2069E-01
   2.5578E+00  -2.2072E-01
   2.5578E+00  -2.2075E-01
   2.5578E+00  -2.2079E-01
   2.5578E+00  -2.2084E-01
   2.5578E+00  -2.2089E-01
   2.5578E+00  -2.2096E-01
   2.5578E+00  -2.2103E-01
   2.5578E+00  -2.1280E-01
   2.5578E+00  -1.8172E-01
   2.5578E+00  -1.5388E-01
   2.5578E+00  -1.3733E-01
   2.5578E+00  -1.2748E-01
   2.5579E+00  -1.2747E-01
   2.5579E+00  -1.2747E-01
   2.5579E+00  -1.2844E-01
   2.5579E+00  -1.2965E-01
   2.5579E+00  -1.3063E-01
   2.5579E+00  -1.3299E-01
   2.5580E+00  -1.3269E-01
   2.5580E+00  -1.3175E-01
   2.5580E+00  -1.3155E-01
   2.5580E+00  -1.3123E-01
   2.5580E+00  -1.2746E-01
   2.5580E+00  -1.2789E-01
   2.5580E+00  -1.2925E-01
   2.5580E+00  -1.3041E-01
   2.5581E+00  -1.3111E-01
   2.5581E+00  -1.3137E-01
   2.5582E+00  -1.3138E-01
   2.5583E+00  -1.3129E-01
   2.5584E+00  -1.3116E-01
   2.5585E+00  -1.3104E-01
   2.5586E+00  -1.3096E-01
   2.5588E+00  -1.3069E-01
   2.5590E+00  -1.3086E-01
   2.5593E+00  -1.3091E-01
   2.5599E+00  -1.3097E-01
   2.5599E+00  -1.3097E-01
   2.5600E+00  -1.3115E-01
   2.5601E+00  -1.3111E-01
   2.5602E+00  -1.3127E-01
   2.5603E+00  -1.3111E-01
   2.5605E+00  -1.3110E-01
   2.5605E+00  -1.3099E-01
   2.5605E+00  -1.2749E-01
   2.5605E+00  -1.2749E-01
   2.5605E+00  -1.2856E-01
   2.5605E+00  -1.2977E-01
   2.5606E+00  -1.3058E-01
   2.5607E+00  -1.3098E-01
   2.5608E+00  -1.3112E-01
   2.5610E+00  -1.3113E-01
   2.5614E+00  -1.3110E-01
   2.5621E+00  -1.3105E-01
   2.5633E+00  -1.3103E-01
   2.5633E+00  -1.3139E-01
   2.5633E+00  -1.2749E-01
   2.5633E+00  -1.2749E-01
   2.5633E+00  -1.2749E-01
   2.5633E+00  -1.2749E-01
   2.5633E+00  -1.2749E-01
   2.5633E+00  -1.2748E-01
   2.5633E+00  -1.2748E-01
   2.5633E+00  -1.2759E-01
   2.5633E+00  -1.2887E-01
   2.5633E+00  -1.3002E-01
   2.5634E+00  -1.3066E-01
   2.5635E+00  -1.3088E-01
   2.5636E+00  -1.3089E-01
   2.5636E+00  -1.3082E-01
   2.5636E+00  -1.3037E-01
   2.5636E+00  -1.3009E-01
   2.5636E+00  -1.2745E-01
   2.5636E+00  -1.2745E-01
   2.5637E+00  -1.2791E-01
   2.5637E+00  -1.2923E-01
   2.5637E+00  -1.3025E-01
   2.5638E+00  -1.3081E-01
   2.5638E+00  -1.3108E-01
   2.5639E+00  -1.3119E-01
   2.5640E+00  -1.3121E-01
   2.5643E+00  -1.3117E-01
   2.5646E+00  -1.3113E-01
   2.5652E+00  -1.3110E-01
   2.5663E+00  -1.3110E-01
   2.5675E+00  -1.3117E-01
   2.5677E+00  -1.3116E-01
   2.5680E+00  -1.3134E-01
   2.5686E+00  -1.3129E-01
   2.5690E+00  -1.3111E-01
   2.5695E+00  -1.3122E-01
   2.5704E+00  -1.3127E-01
   2.5719E+00  -1.3131E-01
   2.5744E+00  -1.3136E-01
   2.5788E+00  -1.3146E-01
   2.5837E+00  -1.3165E-01
   2.5838E+00  -1.3158E-01
   2.5839E+00  -1.3036E-01
   2.5839E+00  -1.2943E-01
   2.5839E+00  -1.2784E-01
   2.5840E+00  -1.2784E-01
   2.5840E+00  -1.2782E-01
   2.5840E+00  -1.2782E-01
   2.5840E+00  -1.2781E-01
   2.5840E+00  -1.2780E-01
   2.5840E+00  -1.2780E-01
   2.5840E+00  -1.2842E-01
   2.5841E+00  -1.2957E-01
   2.5842E+00  -1.3040E-01
   2.5843E+00  -1.3088E-01
   2.5844E+00  -1.3110E-01
   2.5847E+00  -1.3127E-01
   2.5849E+00  -1.3137E-01
   2.5851E+00  -1.3145E-01
   2.5853E+00  -1.3147E-01
   2.5857E+00  -1.3140E-01
   2.5859E+00  -1.3143E-01
   2.5861E+00  -1.3147E-01
   2.5865E+00  -1.3146E-01
   2.5869E+00  -1.3151E-01
   2.5869E+00  -1.3144E-01
   2.5869E+00  -1.3087E-01
   2.5869E+00  -1.3087E-01
   2.5869E+00  -1.2779E-01
   2.5869E+00  -1.2779E-01
   2.5869E+00  -1.2779E-01
   2.5869E+00  -1.2779E-01
   2.5869E+00  -1.2983E-01
   2.5869E+00  -1.3050E-01
   2.5870E+00  -1.3149E-01
   2.5870E+00  -1.3147E-01
   2.5870E+00  -1.3330E-01
   2.5870E+00  -1.3230E-01
   2.5870E+00  -1.3288E-01
   2.5870E+00  -1.3184E-01
   2.5870E+00  -1.3133E-01
   2.5870E+00  -1.3120E-01
   2.5870E+00  -1.2778E-01
   2.5870E+00  -1.2778E-01
   2.5870E+00  -1.2778E-01
   2.5870E+00  -1.2778E-01
   2.5870E+00  -1.2851E-01
   2.5870E+00  -1.2949E-01
   2.5870E+00  -1.2778E-01
   2.5870E+00  -1.2778E-01
   2.5870E+00  -1.2778E-01
   2.5870E+00  -1.2778E-01
   2.5870E+00  -1.2778E-01
   2.5870E+00  -1.2886E-01
   2.5870E+00  -1.3010E-01
   2.5870E+00  -1.3097E-01
   2.5871E+00  -1.3143E-01
   2.5872E+00  -1.3160E-01
   2.5873E+00  -1.3163E-01
   2.5874E+00  -1.3159E-01
   2.5876E+00  -1.3258E-01
   2.5879E+00  -1.3152E-01
   2.5884E+00  -1.3102E-01
   2.5884E+00  -1.3064E-01
   2.5885E+00  -1.2782E-01
   2.5885E+00  -1.2780E-01
   2.5885E+00  -1.2778E-01
   2.5885E+00  -1.2777E-01
   2.5885E+00  -1.2776E-01
   2.5886E+00  -1.2776E-01
   2.5886E+00  -1.2775E-01
   2.5886E+00  -1.2774E-01
   2.5886E+00  -1.2774E-01
   2.5886E+00  -1.2773E-01
   2.5886E+00  -1.2773E-01
   2.5887E+00  -1.2771E-01
   2.5887E+00  -1.2856E-01
   2.5888E+00  -1.2962E-01
   2.5889E+00  -1.3033E-01
   2.5890E+00  -1.3071E-01
   2.5891E+00  -1.3098E-01
   2.5892E+00  -1.3085E-01
   2.5892E+00  -1.3045E-01
   2.5893E+00  -1.3028E-01
   2.5895E+00  -1.3041E-01
   2.5898E+00  -1.3055E-01
   2.5904E+00  -1.3061E-01
   2.5913E+00  -1.3058E-01
   2.5929E+00  -1.3051E-01
   2.5957E+00  -1.3035E-01
   2.6006E+00  -1.3014E-01
   2.6077E+00  -1.2993E-01
   2.6152E+00  -1.2944E-01
   2.6227E+00  -1.2874E-01
   2.6302E+00  -1.2809E-01
   2.6377E+00  -1.2758E-01
   2.6452E+00  -1.2709E-01
   2.6527E+00  -1.2663E-01
   2.6602E+00  -1.2633E-01
   2.6677E+00  -1.2609E-01
   2.6752E+00  -1.2535E-01
   2.6753E+00  -1.2557E-01
   2.6753E+00  -2.0368E-01
   2.6753E+00  -2.0370E-01
   2.6753E+00  -2.0371E-01
   2.6753E+00  -2.0373E-01
   2.6753E+00  -2.0373E-01
   2.6753E+00  -2.0373E-01
   2.6753E+00  -2.0373E-01
   2.6753E+00  -2.0373E-01
   2.6753E+00  -2.0373E-01
   2.6753E+00  -2.0373E-01
   2.6753E+00  -2.0374E-01
   2.6753E+00  -2.0374E-01
   2.6753E+00  -2.0374E-01
   2.6753E+00  -2.0374E-01
   2.6753E+00  -2.0374E-01
   2.6753E+00  -2.0374E-01
   2.6753E+00  -2.0374E-01
   2.6753E+00  -2.0374E-01
   2.6753E+00  -1.9631E-01
   2.6753E+00  -1.9631E-01
   2.6753E+00  -1.9632E-01
   2.6753E+00  -1.9632E-01
   2.6753E+00  -1.9632E-01
   2.6753E+00  -1.9632E-01
   2.6753E+00  -1.9632E-01
   2.6753E+00  -1.9632E-01
   2.6753E+00  -1.9633E-01
   2.6753E+00  -1.9633E-01
   2.6753E+00  -1.9633E-01
   2.6753E+00  -1.9634E-01
   2.6753E+00  -1.9636E-01
   2.6753E+00  -1.9638E-01
   2.6753E+00  -1.9641E-01
   2.6753E+00  -1.9644E-01
   2.6753E+00  -1.9648E-01
   2.6753E+00  -1.9653E-01
   2.6753E+00  -1.9659E-01
   2.6753E+00  -1.9666E-01
   2.6753E+00  -2.1101E-01
   2.6753E+00  -2.1113E-01
   2.6753E+00  -2.1127E-01
   2.6753E+00  -2.1142E-01
   2.6753E+00  -2.1161E-01
   2.6753E+00  -2.1184E-01
   2.6753E+00  -2.1212E-01
   2.6753E+00  -2.1246E-01
   2.6753E+00  -2.1290E-01
   2.6754E+00  -2.1346E-01
   2.6754E+00  -1.9026E-01
   2.6754E+00  -1.6133E-01
   2.6754E+00  -1.4033E-01
   2.6755E+00  -1.2442E-01
   2.6755E+00  -1.2441E-01
   2.6755E+00  -1.2440E-01
   2.6755E+00  -1.2439E-01
   2.6755E+00  -1.2438E-01
   2.6755E+00  -1.2436E-01
   2.6756E+00  -1.2434E-01
   2.6756E+00  -1.2432E-01
   2.6756E+00  -1.2431E-01
   2.6757E+00  -1.2428E-01
   2.6757E+00  -1.2427E-01
   2.6757E+00  -1.2424E-01
   2.6757E+00  -1.2424E-01
   2.6757E+00  -1.2424E-01
   2.6757E+00  -1.2423E-01
   2.6757E+00  -1.2423E-01
   2.6757E+00  -1.2423E-01
   2.6757E+00  -1.2423E-01
   2.6757E+00  -1.2422E-01
   2.6757E+00  -1.2511E-01
   2.6757E+00  -1.2589E-01
   2.6757E+00  -1.2609E-01
   2.6757E+00  -1.2604E-01
   2.6758E+00  -1.2656E-01
   2.6758E+00  -1.2658E-01
   2.6758E+00  -1.2776E-01
   2.6758E+00  -1.2733E-01
   2.6758E+00  -1.2724E-01
   2.6758E+00  -1.2706E-01
   2.6758E+00  -1.2712E-01
   2.6758E+00  -1.2697E-01
   2.6758E+00  -1.2713E-01
   2.6758E+00  -1.2703E-01
   2.6758E+00  -1.2703E-01
   2.6758E+00  -1.2706E-01
   2.6758E+00  -1.2810E-01
   2.6758E+00  -1.2764E-01
   2.6758E+00  -1.2767E-01
   2.6759E+00  -1.2728E-01
   2.6759E+00  -1.2686E-01
   2.6759E+00  -1.2706E-01
   2.6759E+00  -1.2785E-01
   2.6760E+00  -1.2772E-01
   2.6760E+00  -1.2753E-01
   2.6760E+00  -1.2737E-01
   2.6760E+00  -1.2752E-01
   2.6760E+00  -1.2740E-01
   2.6760E+00  -1.2908E-01
   2.6760E+00  -1.2893E-01
   2.6760E+00  -1.2837E-01
   2.6761E+00  -1.2779E-01
   2.6761E+00  -1.2805E-01
   2.6761E+00  -1.2758E-01
   2.6761E+00  -1.2422E-01
   2.6761E+00  -1.2538E-01
   2.6762E+00  -1.2646E-01
   2.6762E+00  -1.2713E-01
   2.6763E+00  -1.2745E-01
   2.6764E+00  -1.2755E-01
   2.6766E+00  -1.2796E-01
   2.6769E+00  -1.2767E-01
   2.6774E+00  -1.2748E-01
   2.6780E+00  -1.2738E-01
   2.6783E+00  -1.2719E-01
   2.6787E+00  -1.2739E-01
   2.6792E+00  -1.2749E-01
   2.6800E+00  -1.2753E-01
   2.6812E+00  -1.2753E-01
   2.6832E+00  -1.2754E-01
   2.6833E+00  -1.2757E-01
   2.6834E+00  -1.3043E-01
   2.6834E+00  -1.3241E-01
   2.6834E+00  -1.4386E-01
   2.6834E+00  -1.4964E-01
   2.6834E+00  -1.6192E-01
   2.6834E+00  -1.6269E-01
   2.6834E+00  -1.5249E-01
   2.6834E+00  -1.4073E-01
   2.6834E+00  -1.3279E-01
   2.6835E+00  -1.2867E-01
   2.6835E+00  -1.2687E-01
   2.6835E+00  -1.2625E-01
   2.6835E+00  -1.2653E-01
   2.6836E+00  -1.2709E-01
   2.6836E+00  -1.2761E-01
   2.6837E+00  -1.2789E-01
   2.6837E+00  -1.2797E-01
   2.6838E+00  -1.2795E-01
   2.6839E+00  -1.2813E-01
   2.6841E+00  -1.2799E-01
   2.6844E+00  -1.2788E-01
   2.6848E+00  -1.2786E-01
   2.6853E+00  -1.2786E-01
   2.6858E+00  -1.2785E-01
   2.6867E+00  -1.2794E-01
   2.6880E+00  -1.2801E-01
   2.6880E+00  -1.2804E-01
   2.6880E+00  -1.3793E-01
   2.6880E+00  -1.5963E-01
   2.6881E+00  -1.8636E-01
   2.6881E+00  -1.8934E-01
   2.6881E+00  -2.2046E-01
   2.6881E+00  -2.2048E-01
   2.6881E+00  -2.2050E-01
   2.6881E+00  -1.9981E-01
   2.6881E+00  -1.6768E-01
   2.6881E+00  -1.4358E-01
   2.6881E+00  -1.2487E-01
   2.6881E+00  -1.2487E-01
   2.6881E+00  -1.2487E-01
   2.6881E+00  -1.2487E-01
   2.6881E+00  -1.2487E-01
   2.6881E+00  -1.2487E-01
   2.6881E+00  -1.2487E-01
   2.6881E+00  -1.2580E-01
   2.6881E+00  -1.2613E-01
   2.6881E+00  -1.2697E-01
   2.6881E+00  -1.2813E-01
   2.6881E+00  -1.2816E-01
   2.6881E+00  -1.2900E-01
   2.6881E+00  -1.2858E-01
   2.6881E+00  -1.2487E-01
   2.6881E+00  -1.2644E-01
   2.6881E+00  -1.2770E-01
   2.6881E+00  -1.2837E-01
   2.6881E+00  -1.2861E-01
   2.6881E+00  -1.2864E-01
   2.6882E+00  -1.2857E-01
   2.6882E+00  -1.2849E-01
   2.6882E+00  -1.2833E-01
   2.6882E+00  -1.2914E-01
   2.6883E+00  -1.2872E-01
   2.6883E+00  -1.2951E-01
   2.6883E+00  -1.2880E-01
   2.6883E+00  -1.2896E-01
   2.6883E+00  -1.2840E-01
   2.6884E+00  -1.2742E-01
   2.6884E+00  -1.2790E-01
   2.6885E+00  -1.2818E-01
   2.6886E+00  -1.2857E-01
   2.6887E+00  -1.2833E-01
   2.6888E+00  -1.2744E-01
   2.6889E+00  -1.2798E-01
   2.6890E+00  -1.2822E-01
   2.6892E+00  -1.2827E-01
   2.6895E+00  -1.2825E-01
   2.6898E+00  -1.2822E-01
   2.6903E+00  -1.2821E-01
   2.6909E+00  -1.2820E-01
   2.6916E+00  -1.2826E-01
   2.6916E+00  -1.2820E-01
   2.6916E+00  -1.3120E-01
   2.6916E+00  -1.3348E-01
   2.6916E+00  -1.3373E-01
   2.6916E+00  -1.3217E-01
   2.6916E+00  -1.3028E-01
   2.6916E+00  -1.3426E-01
   2.6916E+00  -1.3264E-01
   2.6916E+00  -1.3279E-01
   2.6917E+00  -1.2929E-01
   2.6917E+00  -1.2900E-01
   2.6917E+00  -1.2851E-01
   2.6917E+00  -1.2654E-01
   2.6917E+00  -1.2600E-01
   2.6917E+00  -1.2553E-01
   2.6917E+00  -1.2623E-01
   2.6917E+00  -1.2818E-01
   2.6917E+00  -1.2838E-01
   2.6917E+00  -1.2855E-01
   2.6917E+00  -1.2849E-01
   2.6917E+00  -1.2502E-01
   2.6917E+00  -1.2502E-01
   2.6917E+00  -1.2624E-01
   2.6917E+00  -1.2746E-01
   2.6917E+00  -1.2822E-01
   2.6917E+00  -1.2856E-01
   2.6918E+00  -1.2864E-01
   2.6918E+00  -1.2858E-01
   2.6919E+00  -1.2850E-01
   2.6921E+00  -1.2810E-01
   2.6923E+00  -1.2824E-01
   2.6923E+00  -1.2833E-01
   2.6923E+00  -1.3221E-01
   2.6924E+00  -1.3231E-01
   2.6924E+00  -1.2979E-01
   2.6924E+00  -1.2943E-01
   2.6925E+00  -1.2903E-01
   2.6925E+00  -1.2874E-01
   2.6927E+00  -1.2855E-01
   2.6929E+00  -1.2845E-01
   2.6930E+00  -1.2839E-01
   2.6930E+00  -1.2788E-01
   2.6931E+00  -1.2837E-01
   2.6932E+00  -1.2856E-01
   2.6933E+00  -1.2858E-01
   2.6936E+00  -1.2855E-01
   2.6941E+00  -1.2852E-01
   2.6950E+00  -1.2851E-01
   2.6965E+00  -1.2855E-01
   2.6992E+00  -1.2872E-01
   2.7038E+00  -1.2884E-01
   2.7113E+00  -1.2904E-01
   2.7113E+00  -1.2912E-01
   2.7113E+00  -2.1226E-01
   2.7113E+00  -2.1231E-01
   2.7113E+00  -2.1234E-01
   2.7113E+00  -2.1239E-01
   2.7113E+00  -2.1241E-01
   2.7113E+00  -2.1243E-01
   2.7113E+00  -2.1247E-01
   2.7113E+00  -2.1253E-01
   2.7113E+00  -2.1260E-01
   2.7113E+00  -2.1268E-01
   2.7113E+00  -2.1278E-01
   2.7113E+00  -2.1290E-01
   2.7113E+00  -2.1305E-01
   2.7113E+00  -2.1323E-01
   2.7113E+00  -1.9927E-01
   2.7113E+00  -1.7200E-01
   2.7113E+00  -1.4974E-01
   2.7114E+00  -1.3577E-01
   2.7114E+00  -1.2874E-01
   2.7114E+00  -1.2615E-01
   2.7114E+00  -1.2614E-01
   2.7115E+00  -1.2612E-01
   2.7115E+00  -1.2611E-01
   2.7115E+00  -1.2622E-01
   2.7115E+00  -1.2712E-01
   2.7116E+00  -1.2811E-01
   2.7116E+00  -1.2911E-01
   2.7116E+00  -1.2960E-01
   2.7116E+00  -1.3177E-01
   2.7116E+00  -1.3129E-01
   2.7117E+00  -1.3156E-01
   2.7117E+00  -1.3072E-01
   2.7117E+00  -1.3017E-01
   2.7117E+00  -1.2964E-01
   2.7117E+00  -1.2769E-01
   2.7118E+00  -1.2855E-01
   2.7118E+00  -1.2929E-01
   2.7118E+00  -1.2957E-01
   2.7119E+00  -1.2963E-01
   2.7120E+00  -1.2958E-01
   2.7121E+00  -1.2949E-01
   2.7122E+00  -1.2972E-01
   2.7123E+00  -1.2954E-01
   2.7124E+00  -1.2871E-01
   2.7125E+00  -1.2911E-01
   2.7126E+00  -1.2936E-01
   2.7129E+00  -1.2946E-01
   2.7133E+00  -1.2948E-01
   2.7140E+00  -1.2947E-01
   2.7153E+00  -1.2945E-01
   2.7176E+00  -1.2943E-01
   2.7190E+00  -1.2941E-01
   2.7208E+00  -1.2945E-01
   2.7234E+00  -1.2947E-01
   2.7274E+00  -1.2948E-01
   2.7343E+00  -1.2947E-01
   2.7343E+00  -1.2966E-01
   2.7343E+00  -1.5863E-01
   2.7343E+00  -2.1685E-01
   2.7343E+00  -2.2103E-01
   2.7343E+00  -2.2104E-01
   2.7343E+00  -2.2105E-01
   2.7343E+00  -2.2106E-01
   2.7343E+00  -2.2109E-01
   2.7343E+00  -2.2112E-01
   2.7343E+00  -2.2116E-01
   2.7343E+00  -1.9400E-01
   2.7343E+00  -1.6245E-01
   2.7343E+00  -1.4111E-01
   2.7343E+00  -1.3156E-01
   2.7343E+00  -1.2808E-01
   2.7343E+00  -1.2632E-01
   2.7343E+00  -1.2632E-01
   2.7343E+00  -1.2755E-01
   2.7343E+00  -1.2867E-01
   2.7343E+00  -1.2961E-01
   2.7343E+00  -1.2964E-01
   2.7343E+00  -1.3117E-01
   2.7344E+00  -1.3070E-01
   2.7344E+00  -1.3048E-01
   2.7344E+00  -1.3005E-01
   2.7344E+00  -1.2631E-01
   2.7344E+00  -1.2631E-01
   2.7344E+00  -1.2674E-01
   2.7344E+00  -1.2808E-01
   2.7345E+00  -1.2918E-01
   2.7345E+00  -1.2979E-01
   2.7346E+00  -1.3001E-01
   2.7347E+00  -1.3002E-01
   2.7349E+00  -1.2996E-01
   2.7352E+00  -1.2989E-01
   2.7356E+00  -1.2984E-01
   2.7364E+00  -1.2982E-01
   2.7364E+00  -1.2980E-01
   2.7364E+00  -1.3397E-01
   2.7364E+00  -1.3373E-01
   2.7364E+00  -1.3746E-01
   2.7364E+00  -1.3493E-01
   2.7364E+00  -1.2639E-01
   2.7364E+00  -1.2707E-01
   2.7364E+00  -1.2840E-01
   2.7365E+00  -1.2938E-01
   2.7365E+00  -1.2986E-01
   2.7366E+00  -1.2999E-01
   2.7368E+00  -1.2996E-01
   2.7371E+00  -1.2988E-01
   2.7376E+00  -1.2982E-01
   2.7384E+00  -1.2978E-01
   2.7384E+00  -1.2975E-01
   2.7384E+00  -1.2988E-01
   2.7384E+00  -1.2970E-01
   2.7384E+00  -1.3341E-01
   2.7384E+00  -1.3093E-01
   2.7385E+00  -1.3003E-01
   2.7385E+00  -1.2945E-01
   2.7385E+00  -1.2996E-01
   2.7385E+00  -1.2958E-01
   2.7385E+00  -1.2964E-01
   2.7385E+00  -1.2952E-01
   2.7385E+00  -1.2989E-01
   2.7385E+00  -1.2971E-01
   2.7386E+00  -1.3032E-01
   2.7386E+00  -1.2988E-01
   2.7386E+00  -1.2778E-01
   2.7386E+00  -1.2878E-01
   2.7387E+00  -1.2943E-01
   2.7388E+00  -1.2974E-01
   2.7389E+00  -1.2983E-01
   2.7392E+00  -1.2983E-01
   2.7396E+00  -1.2980E-01
   2.7396E+00  -1.2976E-01
   2.7397E+00  -1.3002E-01
   2.7397E+00  -1.2970E-01
   2.7397E+00  -1.2996E-01
   2.7397E+00  -1.2972E-01
   2.7397E+00  -1.2642E-01
   2.7397E+00  -1.2641E-01
   2.7398E+00  -1.2661E-01
   2.7398E+00  -1.2785E-01
   2.7398E+00  -1.2896E-01
   2.7399E+00  -1.2964E-01
   2.7399E+00  -1.2998E-01
   2.7400E+00  -1.3014E-01
   2.7401E+00  -1.3017E-01
   2.7403E+00  -1.3014E-01
   2.7406E+00  -1.3008E-01
   2.7412E+00  -1.3003E-01
   2.7422E+00  -1.3002E-01
   2.7440E+00  -1.3004E-01
   2.7468E+00  -1.3009E-01
   2.7516E+00  -1.3015E-01
   2.7591E+00  -1.3022E-01
   2.7666E+00  -1.3036E-01
   2.7741E+00  -1.3056E-01
   2.7816E+00  -1.3075E-01
   2.7817E+00  -1.3095E-01
   2.7817E+00  -1.3931E-01
   2.7817E+00  -1.9913E-01
   2.7817E+00  -2.2632E-01
   2.7817E+00  -2.2641E-01
   2.7817E+00  -2.2643E-01
   2.7817E+00  -2.2647E-01
   2.7817E+00  -2.2654E-01
   2.7817E+00  -2.2663E-01
   2.7817E+00  -2.2673E-01
   2.7817E+00  -2.2686E-01
   2.7817E+00  -2.2691E-01
   2.7817E+00  -2.2441E-01
   2.7817E+00  -1.8862E-01
   2.7817E+00  -1.6310E-01
   2.7817E+00  -1.4365E-01
   2.7817E+00  -1.3377E-01
   2.7817E+00  -1.3042E-01
   2.7818E+00  -1.2968E-01
   2.7818E+00  -1.2985E-01
   2.7818E+00  -1.3042E-01
   2.7819E+00  -1.3090E-01
   2.7819E+00  -1.3094E-01
   2.7819E+00  -1.3114E-01
   2.7820E+00  -1.3121E-01
   2.7821E+00  -1.3113E-01
   2.7821E+00  -1.3111E-01
   2.7821E+00  -1.3100E-01
   2.7821E+00  -1.3124E-01
   2.7821E+00  -1.3051E-01
   2.7822E+00  -1.3046E-01
   2.7822E+00  -1.3059E-01
   2.7822E+00  -1.3096E-01
   2.7822E+00  -1.3093E-01
   2.7822E+00  -1.3194E-01
   2.7822E+00  -1.3141E-01
   2.7822E+00  -1.3338E-01
   2.7822E+00  -1.3184E-01
   2.7822E+00  -1.3023E-01
   2.7822E+00  -1.2994E-01
   2.7822E+00  -1.3058E-01
   2.7822E+00  -1.3061E-01
   2.7822E+00  -1.3235E-01
   2.7822E+00  -1.3122E-01
   2.7822E+00  -1.3099E-01
   2.7823E+00  -1.3071E-01
   2.7823E+00  -1.3091E-01
   2.7824E+00  -1.3078E-01
   2.7824E+00  -1.3124E-01
   2.7824E+00  -1.3084E-01
   2.7825E+00  -1.3085E-01
   2.7825E+00  -1.3062E-01
   2.7825E+00  -1.3120E-01
   2.7825E+00  -1.3023E-01
   2.7825E+00  -1.3034E-01
   2.7825E+00  -1.3038E-01
   2.7825E+00  -1.2736E-01
   2.7825E+00  -1.2736E-01
   2.7825E+00  -1.2736E-01
   2.7825E+00  -1.2736E-01
   2.7825E+00  -1.2736E-01
   2.7825E+00  -1.2817E-01
   2.7825E+00  -1.2929E-01
   2.7825E+00  -1.3024E-01
   2.7825E+00  -1.3073E-01
   2.7826E+00  -1.3092E-01
   2.7826E+00  -1.3095E-01
   2.7826E+00  -1.3092E-01
   2.7827E+00  -1.3090E-01
   2.7828E+00  -1.3087E-01
   2.7828E+00  -1.2736E-01
   2.7828E+00  -1.2934E-01
   2.7828E+00  -1.3049E-01
   2.7829E+00  -1.3098E-01
   2.7829E+00  -1.3110E-01
   2.7830E+00  -1.3108E-01
   2.7833E+00  -1.3103E-01
   2.7836E+00  -1.3098E-01
   2.7843E+00  -1.3095E-01
   2.7854E+00  -1.3092E-01
   2.7867E+00  -1.3087E-01
   2.7890E+00  -1.3088E-01
   2.7929E+00  -1.3103E-01
   2.7961E+00  -1.3109E-01
   2.8006E+00  -1.3129E-01
   2.8081E+00  -1.3156E-01
   2.8156E+00  -1.3183E-01
   2.8231E+00  -1.3213E-01
   2.8306E+00  -1.3242E-01
   2.8307E+00  -1.3245E-01
   2.8307E+00  -1.4281E-01
   2.8307E+00  -1.8004E-01
   2.8307E+00  -2.2630E-01
   2.8307E+00  -2.2643E-01
   2.8307E+00  -2.2651E-01
   2.8307E+00  -2.2661E-01
   2.8307E+00  -2.2665E-01
   2.8307E+00  -2.2671E-01
   2.8307E+00  -2.2676E-01
   2.8307E+00  -2.2678E-01
   2.8307E+00  -2.2681E-01
   2.8307E+00  -2.0718E-01
   2.8307E+00  -1.7249E-01
   2.8307E+00  -1.4825E-01
   2.8307E+00  -1.3576E-01
   2.8307E+00  -1.3142E-01
   2.8308E+00  -1.3025E-01
   2.8308E+00  -1.3048E-01
   2.8308E+00  -1.3135E-01
   2.8308E+00  -1.3211E-01
   2.8309E+00  -1.3256E-01
   2.8310E+00  -1.3272E-01
   2.8310E+00  -1.3269E-01
   2.8311E+00  -1.3267E-01
   2.8312E+00  -1.3252E-01
   2.8312E+00  -1.3265E-01
   2.8312E+00  -1.3245E-01
   2.8312E+00  -1.3066E-01
   2.8313E+00  -1.3073E-01
   2.8313E+00  -1.3154E-01
   2.8313E+00  -1.3199E-01
   2.8313E+00  -1.3228E-01
   2.8314E+00  -1.3231E-01
   2.8314E+00  -1.3271E-01
   2.8315E+00  -1.3249E-01
   2.8315E+00  -1.3257E-01
   2.8316E+00  -1.3236E-01
   2.8317E+00  -1.3221E-01
   2.8318E+00  -1.3215E-01
   2.8319E+00  -1.3194E-01
   2.8321E+00  -1.3216E-01
   2.8324E+00  -1.3229E-01
   2.8330E+00  -1.3235E-01
   2.8339E+00  -1.3237E-01
   2.8355E+00  -1.3240E-01
   2.8365E+00  -1.3236E-01
   2.8375E+00  -1.3220E-01
   2.8394E+00  -1.3226E-01
   2.8426E+00  -1.3233E-01
   2.8481E+00  -1.3245E-01
   2.8556E+00  -1.3255E-01
   2.8631E+00  -1.3259E-01
   2.8632E+00  -1.3252E-01
   2.8633E+00  -1.3014E-01
   2.8633E+00  -1.2902E-01
   2.8633E+00  -1.2902E-01
   2.8633E+00  -1.2901E-01
   2.8633E+00  -1.2901E-01
   2.8633E+00  -1.2900E-01
   2.8633E+00  -1.2900E-01
   2.8633E+00  -1.2899E-01
   2.8633E+00  -1.2898E-01
   2.8634E+00  -1.2898E-01
   2.8634E+00  -1.2897E-01
   2.8634E+00  -1.2896E-01
   2.8635E+00  -1.2895E-01
   2.8635E+00  -1.2893E-01
   2.8635E+00  -1.2891E-01
   2.8636E+00  -1.2889E-01
   2.8636E+00  -1.2888E-01
   2.8636E+00  -1.2887E-01
   2.8636E+00  -1.2886E-01
   2.8636E+00  -1.2886E-01
   2.8636E+00  -1.2886E-01
   2.8636E+00  -1.2885E-01
   2.8637E+00  -1.2885E-01
   2.8637E+00  -1.2906E-01
   2.8638E+00  -1.3014E-01
   2.8639E+00  -1.3110E-01
   2.8641E+00  -1.3173E-01
   2.8644E+00  -1.3205E-01
   2.8647E+00  -1.3231E-01
   2.8650E+00  -1.3247E-01
   2.8652E+00  -1.3253E-01
   2.8654E+00  -1.3247E-01
   2.8659E+00  -1.3241E-01
   2.8662E+00  -1.3236E-01
   2.8664E+00  -1.3234E-01
   2.8668E+00  -1.3226E-01
   2.8672E+00  -1.3228E-01
   2.8677E+00  -1.3224E-01
   2.8684E+00  -1.3220E-01
   2.8689E+00  -1.3218E-01
   2.8690E+00  -1.3216E-01
   2.8691E+00  -1.3203E-01
   2.8692E+00  -1.3192E-01
   2.8693E+00  -1.3233E-01
   2.8693E+00  -1.3224E-01
   2.8694E+00  -1.3238E-01
   2.8695E+00  -1.3253E-01
   2.8696E+00  -1.3292E-01
   2.8696E+00  -1.3284E-01
   2.8696E+00  -1.3477E-01
   2.8696E+00  -1.3407E-01
   2.8697E+00  -1.3375E-01
   2.8697E+00  -1.3308E-01
   2.8698E+00  -1.3294E-01
   2.8698E+00  -1.3265E-01
   2.8698E+00  -1.3231E-01
   2.8698E+00  -1.3211E-01
   2.8698E+00  -1.3272E-01
   2.8698E+00  -1.3258E-01
   2.8699E+00  -1.3213E-01
   2.8699E+00  -1.3194E-01
   2.8699E+00  -1.2889E-01
   2.8699E+00  -1.3009E-01
   2.8699E+00  -1.3129E-01
   2.8699E+00  -1.3221E-01
   2.8699E+00  -1.3265E-01
   2.8699E+00  -1.3277E-01
   2.8700E+00  -1.3273E-01
   2.8700E+00  -1.3262E-01
   2.8701E+00  -1.3227E-01
   2.8703E+00  -1.3237E-01
   2.8706E+00  -1.3242E-01
   2.8710E+00  -1.3243E-01
   2.8719E+00  -1.3244E-01
   2.8730E+00  -1.3246E-01
   2.8736E+00  -1.3244E-01
   2.8747E+00  -1.3242E-01
   2.8747E+00  -1.3239E-01
   2.8747E+00  -1.2896E-01
   2.8747E+00  -1.2896E-01
   2.8747E+00  -1.2896E-01
   2.8747E+00  -1.2896E-01
   2.8747E+00  -1.2895E-01
   2.8747E+00  -1.2894E-01
   2.8748E+00  -1.2894E-01
   2.8748E+00  -1.2893E-01
   2.8748E+00  -1.2892E-01
   2.8748E+00  -1.2960E-01
   2.8748E+00  -1.3078E-01
   2.8748E+00  -1.3163E-01
   2.8749E+00  -1.3216E-01
   2.8749E+00  -1.3246E-01
   2.8749E+00  -1.3259E-01
   2.8750E+00  -1.3260E-01
   2.8750E+00  -1.3258E-01
   2.8751E+00  -1.3254E-01
   2.8752E+00  -1.3252E-01
   2.8754E+00  -1.3249E-01
   2.8758E+00  -1.3246E-01
   2.8764E+00  -1.3243E-01
   2.8768E+00  -1.3216E-01
   2.8774E+00  -1.3231E-01
   2.8782E+00  -1.3240E-01
   2.8797E+00  -1.3245E-01
   2.8822E+00  -1.3250E-01
   2.8866E+00  -1.3256E-01
   2.8866E+00  -1.3253E-01
   2.8866E+00  -1.2977E-01
   2.8866E+00  -1.2905E-01
   2.8866E+00  -1.2905E-01
   2.8866E+00  -1.2905E-01
   2.8866E+00  -1.2904E-01
   2.8867E+00  -1.2904E-01
   2.8867E+00  -1.2903E-01
   2.8867E+00  -1.2903E-01
   2.8867E+00  -1.2902E-01
   2.8867E+00  -1.2901E-01
   2.8867E+00  -1.2901E-01
   2.8868E+00  -1.3002E-01
   2.8868E+00  -1.3111E-01
   2.8869E+00  -1.3184E-01
   2.8870E+00  -1.3246E-01
   2.8870E+00  -1.3308E-01
   2.8871E+00  -1.3353E-01
   2.8871E+00  -1.3363E-01
   2.8871E+00  -1.3345E-01
   2.8872E+00  -1.3318E-01
   2.8873E+00  -1.3312E-01
   2.8874E+00  -1.3280E-01
   2.8877E+00  -1.3265E-01
   2.8877E+00  -1.3257E-01
   2.8877E+00  -1.3184E-01
   2.8878E+00  -1.3189E-01
   2.8878E+00  -1.3248E-01
   2.8878E+00  -1.3249E-01
   2.8878E+00  -1.3416E-01
   2.8878E+00  -1.3258E-01
   2.8878E+00  -1.3185E-01
   2.8878E+00  -1.3159E-01
   2.8878E+00  -1.3193E-01
   2.8878E+00  -1.3223E-01
   2.8878E+00  -1.3247E-01
   2.8878E+00  -1.3254E-01
   2.8878E+00  -1.3433E-01
   2.8878E+00  -1.3345E-01
   2.8879E+00  -1.3324E-01
   2.8879E+00  -1.3272E-01
   2.8879E+00  -1.2941E-01
   2.8879E+00  -1.3066E-01
   2.8880E+00  -1.3175E-01
   2.8880E+00  -1.3240E-01
   2.8881E+00  -1.3268E-01
   2.8883E+00  -1.3275E-01
   2.8886E+00  -1.3273E-01
   2.8892E+00  -1.3269E-01
   2.8901E+00  -1.3265E-01
   2.8917E+00  -1.3261E-01
   2.8945E+00  -1.3256E-01
   2.8976E+00  -1.3252E-01
   2.8982E+00  -1.3258E-01
   2.8987E+00  -1.3257E-01
   2.8995E+00  -1.3262E-01
   2.9009E+00  -1.3260E-01
   2.9034E+00  -1.3255E-01
   2.9048E+00  -1.3255E-01
   2.9072E+00  -1.3250E-01
   2.9114E+00  -1.3241E-01
   2.9158E+00  -1.3267E-01
   2.9181E+00  -1.3267E-01
   2.9216E+00  -1.3253E-01
   2.9220E+00  -1.3245E-01
   2.9223E+00  -1.3123E-01
   2.9223E+00  -1.3001E-01
   2.9223E+00  -1.2896E-01
   2.9223E+00  -1.2896E-01
   2.9223E+00  -1.2895E-01
   2.9223E+00  -1.2894E-01
   2.9224E+00  -1.2893E-01
   2.9224E+00  -1.2893E-01
   2.9224E+00  -1.2892E-01
   2.9224E+00  -1.2892E-01
   2.9224E+00  -1.2890E-01
   2.9225E+00  -1.2889E-01
   2.9225E+00  -1.2887E-01
   2.9226E+00  -1.2885E-01
   2.9226E+00  -1.2890E-01
   2.9226E+00  -1.2954E-01
   2.9226E+00  -1.3077E-01
   2.9227E+00  -1.3145E-01
   2.9227E+00  -1.3192E-01
   2.9227E+00  -1.3223E-01
   2.9228E+00  -1.3242E-01
   2.9228E+00  -1.3251E-01
   2.9229E+00  -1.3256E-01
   2.9229E+00  -1.3256E-01
   2.9229E+00  -1.3409E-01
   2.9229E+00  -1.3353E-01
   2.9229E+00  -1.3393E-01
   2.9229E+00  -1.3327E-01
   2.9229E+00  -1.3309E-01
   2.9229E+00  -1.3265E-01
   2.9229E+00  -1.2882E-01
   2.9229E+00  -1.2882E-01
   2.9229E+00  -1.2882E-01
   2.9229E+00  -1.2902E-01
   2.9229E+00  -1.3064E-01
   2.9229E+00  -1.3189E-01
   2.9229E+00  -1.3197E-01
   2.9230E+00  -1.3247E-01
   2.9230E+00  -1.3268E-01
   2.9231E+00  -1.3274E-01
   2.9232E+00  -1.3271E-01
   2.9233E+00  -1.3264E-01
   2.9235E+00  -1.3257E-01
   2.9239E+00  -1.3250E-01
   2.9245E+00  -1.3244E-01
   2.9245E+00  -1.3242E-01
   2.9245E+00  -1.2885E-01
   2.9245E+00  -1.2885E-01
   2.9245E+00  -1.2885E-01
   2.9245E+00  -1.2885E-01
   2.9245E+00  -1.2885E-01
   2.9245E+00  -1.2885E-01
   2.9245E+00  -1.2885E-01
   2.9245E+00  -1.2885E-01
   2.9245E+00  -1.2885E-01
   2.9245E+00  -1.2885E-01
   2.9245E+00  -1.2885E-01
   2.9245E+00  -1.2885E-01
   2.9245E+00  -1.2885E-01
   2.9245E+00  -1.2885E-01
   2.9245E+00  -1.2885E-01
   2.9245E+00  -1.2885E-01
   2.9245E+00  -1.2885E-01
   2.9245E+00  -1.2909E-01
   2.9245E+00  -1.3058E-01
   2.9245E+00  -1.3174E-01
   2.9245E+00  -1.3231E-01
   2.9246E+00  -1.3247E-01
   2.9246E+00  -1.3243E-01
   2.9247E+00  -1.3232E-01
   2.9248E+00  -1.3223E-01
   2.9250E+00  -1.3216E-01
   2.9252E+00  -1.3218E-01
   2.9252E+00  -1.3205E-01
   2.9252E+00  -1.3073E-01
   2.9253E+00  -1.3074E-01
   2.9253E+00  -1.2994E-01
   2.9253E+00  -1.3115E-01
   2.9254E+00  -1.3181E-01
   2.9254E+00  -1.3207E-01
   2.9256E+00  -1.3215E-01
   2.9258E+00  -1.3215E-01
   2.9262E+00  -1.3213E-01
   2.9269E+00  -1.3208E-01
   2.9275E+00  -1.3215E-01
   2.9283E+00  -1.3216E-01
   2.9294E+00  -1.3219E-01
   2.9300E+00  -1.3221E-01
   2.9311E+00  -1.3224E-01
   2.9330E+00  -1.3221E-01
   2.9340E+00  -1.3211E-01
   2.9353E+00  -1.3216E-01
   2.9373E+00  -1.3217E-01
   2.9402E+00  -1.3216E-01
   2.9454E+00  -1.3212E-01
   2.9529E+00  -1.3208E-01
   2.9530E+00  -1.3216E-01
   2.9531E+00  -1.3230E-01
   2.9532E+00  -1.3214E-01
   2.9535E+00  -1.3210E-01
   2.9536E+00  -1.3210E-01
   2.9537E+00  -1.3235E-01
   2.9537E+00  -1.3217E-01
   2.9538E+00  -1.3097E-01
   2.9538E+00  -1.3168E-01
   2.9539E+00  -1.3205E-01
   2.9541E+00  -1.3219E-01
   2.9544E+00  -1.3221E-01
   2.9549E+00  -1.3218E-01
   2.9558E+00  -1.3216E-01
   2.9560E+00  -1.3215E-01
   2.9562E+00  -1.3225E-01
   2.9562E+00  -1.3213E-01
   2.9562E+00  -1.3210E-01
   2.9562E+00  -1.3127E-01
   2.9562E+00  -1.3093E-01
   2.9562E+00  -1.3096E-01
   2.9562E+00  -1.3253E-01
   2.9562E+00  -1.3220E-01
   2.9562E+00  -1.3204E-01
   2.9562E+00  -1.3192E-01
   2.9562E+00  -1.2868E-01
   2.9562E+00  -1.2868E-01
   2.9562E+00  -1.2868E-01
   2.9562E+00  -1.2868E-01
   2.9562E+00  -1.2868E-01
   2.9562E+00  -1.2868E-01
   2.9562E+00  -1.2868E-01
   2.9562E+00  -1.2998E-01
   2.9562E+00  -1.3117E-01
   2.9562E+00  -1.3187E-01
   2.9562E+00  -1.3216E-01
   2.9562E+00  -1.3222E-01
   2.9562E+00  -1.3213E-01
   2.9562E+00  -1.3207E-01
   2.9563E+00  -1.3257E-01
   2.9563E+00  -1.3304E-01
   2.9563E+00  -1.3229E-01
   2.9563E+00  -1.2868E-01
   2.9563E+00  -1.2952E-01
   2.9563E+00  -1.3083E-01
   2.9564E+00  -1.3173E-01
   2.9564E+00  -1.3214E-01
   2.9565E+00  -1.3225E-01
   2.9567E+00  -1.3223E-01
   2.9570E+00  -1.3217E-01
   2.9574E+00  -1.3213E-01
   2.9582E+00  -1.3210E-01
   2.9583E+00  -1.3181E-01
   2.9586E+00  -1.3183E-01
   2.9587E+00  -1.3192E-01
   2.9587E+00  -1.3206E-01
   2.9588E+00  -1.3202E-01
   2.9590E+00  -1.3209E-01
   2.9591E+00  -1.3213E-01
   2.9591E+00  -1.3010E-01
   2.9591E+00  -1.3134E-01
   2.9592E+00  -1.3205E-01
   2.9593E+00  -1.3235E-01
   2.9594E+00  -1.3241E-01
   2.9597E+00  -1.3238E-01
   2.9602E+00  -1.3233E-01
   2.9610E+00  -1.3229E-01
   2.9625E+00  -1.3228E-01
   2.9650E+00  -1.3230E-01
   2.9655E+00  -1.3232E-01
   2.9659E+00  -1.3257E-01
   2.9659E+00  -1.3252E-01
   2.9659E+00  -1.4125E-01
   2.9659E+00  -1.4131E-01
   2.9659E+00  -1.3917E-01
   2.9659E+00  -1.3572E-01
   2.9659E+00  -1.3380E-01
   2.9660E+00  -1.3249E-01
   2.9660E+00  -1.3218E-01
   2.9660E+00  -1.3198E-01
   2.9660E+00  -1.3071E-01
   2.9660E+00  -1.3046E-01
   2.9661E+00  -1.3116E-01
   2.9661E+00  -1.3170E-01
   2.9661E+00  -1.3356E-01
   2.9661E+00  -1.3306E-01
   2.9661E+00  -1.3009E-01
   2.9661E+00  -1.3128E-01
   2.9662E+00  -1.3202E-01
   2.9662E+00  -1.3235E-01
   2.9663E+00  -1.3244E-01
   2.9665E+00  -1.3243E-01
   2.9669E+00  -1.3231E-01
   2.9674E+00  -1.3233E-01
   2.9674E+00  -1.3234E-01
   2.9674E+00  -1.3293E-01
   2.9674E+00  -1.3277E-01
   2.9674E+00  -1.3442E-01
   2.9674E+00  -1.3329E-01
   2.9674E+00  -1.3043E-01
   2.9674E+00  -1.3014E-01
   2.9674E+00  -1.3701E-01
   2.9674E+00  -1.3437E-01
   2.9674E+00  -1.3408E-01
   2.9674E+00  -1.3261E-01
   2.9674E+00  -1.3275E-01
   2.9674E+00  -1.3227E-01
   2.9674E+00  -1.3214E-01
   2.9674E+00  -1.3214E-01
   2.9674E+00  -1.2881E-01
   2.9674E+00  -1.2881E-01
   2.9674E+00  -1.2991E-01
   2.9674E+00  -1.3127E-01
   2.9674E+00  -1.3209E-01
   2.9675E+00  -1.3246E-01
   2.9675E+00  -1.3257E-01
   2.9676E+00  -1.3255E-01
   2.9677E+00  -1.3249E-01
   2.9678E+00  -1.3243E-01
   2.9681E+00  -1.3239E-01
   2.9684E+00  -1.3236E-01
   2.9688E+00  -1.3224E-01
   2.9694E+00  -1.3234E-01
   2.9704E+00  -1.3240E-01
   2.9721E+00  -1.3244E-01
   2.9751E+00  -1.3248E-01
   2.9786E+00  -1.3254E-01
   2.9833E+00  -1.3263E-01
   2.9908E+00  -1.3274E-01
   2.9909E+00  -1.3279E-01
   2.9911E+00  -1.3464E-01
   2.9911E+00  -1.3539E-01
   2.9911E+00  -2.2123E-01
   2.9911E+00  -2.2124E-01
   2.9911E+00  -2.2126E-01
   2.9911E+00  -2.2128E-01
   2.9911E+00  -2.2132E-01
   2.9911E+00  -2.2135E-01
   2.9911E+00  -2.2140E-01
   2.9911E+00  -2.2145E-01
   2.9911E+00  -2.1948E-01
   2.9911E+00  -1.9274E-01
   2.9911E+00  -1.6378E-01
   2.9911E+00  -1.4464E-01
   2.9911E+00  -1.3525E-01
   2.9911E+00  -1.3201E-01
   2.9911E+00  -1.3141E-01
   2.9912E+00  -1.3163E-01
   2.9912E+00  -1.3224E-01
   2.9912E+00  -1.3277E-01
   2.9913E+00  -1.3302E-01
   2.9913E+00  -1.3396E-01
   2.9913E+00  -1.3343E-01
   2.9913E+00  -1.3341E-01
   2.9914E+00  -1.3313E-01
   2.9915E+00  -1.3307E-01
   2.9915E+00  -1.3292E-01
   2.9916E+00  -1.3308E-01
   2.9916E+00  -1.3287E-01
   2.9917E+00  -1.3286E-01
   2.9917E+00  -1.3282E-01
   2.9918E+00  -1.3344E-01
   2.9918E+00  -1.3300E-01
   2.9918E+00  -1.3331E-01
   2.9918E+00  -1.3289E-01
   2.9918E+00  -1.3271E-01
   2.9918E+00  -1.3268E-01
   2.9918E+00  -1.3303E-01
   2.9919E+00  -1.3285E-01
   2.9919E+00  -1.3121E-01
   2.9920E+00  -1.3205E-01
   2.9920E+00  -1.3262E-01
   2.9921E+00  -1.3294E-01
   2.9923E+00  -1.3300E-01
   2.9927E+00  -1.3301E-01
   2.9933E+00  -1.3300E-01
   2.9936E+00  -1.3298E-01
   2.9938E+00  -1.3318E-01
   2.9938E+00  -1.3309E-01
   2.9938E+00  -1.3587E-01
   2.9938E+00  -1.3543E-01
   2.9938E+00  -1.3578E-01
   2.9938E+00  -1.3442E-01
   2.9938E+00  -1.3411E-01
   2.9939E+00  -1.3322E-01
   2.9939E+00  -1.3336E-01
   2.9939E+00  -1.3283E-01
   2.9939E+00  -1.3284E-01
   2.9939E+00  -1.3261E-01
   2.9939E+00  -1.2930E-01
   2.9939E+00  -1.2930E-01
   2.9939E+00  -1.2985E-01
   2.9939E+00  -1.3141E-01
   2.9939E+00  -1.3245E-01
   2.9939E+00  -1.3296E-01
   2.9939E+00  -1.3312E-01
   2.9940E+00  -1.3310E-01
   2.9941E+00  -1.3299E-01
   2.9942E+00  -1.3292E-01
   2.9943E+00  -1.3286E-01
   2.9943E+00  -1.3314E-01
   2.9944E+00  -1.3290E-01
   2.9945E+00  -1.3298E-01
   2.9945E+00  -1.3285E-01
   2.9945E+00  -1.3339E-01
   2.9945E+00  -1.3266E-01
   2.9945E+00  -1.3274E-01
   2.9946E+00  -1.3264E-01
   2.9946E+00  -1.3258E-01
   2.9947E+00  -1.3276E-01
   2.9948E+00  -1.3281E-01
   2.9950E+00  -1.3296E-01
   2.9951E+00  -1.3262E-01
   2.9951E+00  -1.3347E-01
   2.9951E+00  -1.3325E-01
   2.9952E+00  -1.3320E-01
   2.9952E+00  -1.3298E-01
   2.9952E+00  -1.3323E-01
   2.9952E+00  -1.3296E-01
   2.9952E+00  -1.3335E-01
   2.9952E+00  -1.3297E-01
   2.9952E+00  -1.3343E-01
   2.9952E+00  -1.3227E-01
   2.9952E+00  -1.3264E-01
   2.9952E+00  -1.3253E-01
   2.9952E+00  -1.3404E-01
   2.9953E+00  -1.3316E-01
   2.9953E+00  -1.3316E-01
   2.9953E+00  -1.3282E-01
   2.9953E+00  -1.2931E-01
   2.9953E+00  -1.3037E-01
   2.9953E+00  -1.3168E-01
   2.9953E+00  -1.3305E-01
   2.9954E+00  -1.3311E-01
   2.9955E+00  -1.3303E-01
   2.9957E+00  -1.3294E-01
   2.9960E+00  -1.3287E-01
