# Trace from filein = ./62270a01                                                                                                                   
#   time        POHT                                                                                                                         
   2.0000E+00   4.6264E-01
   2.0000E+00   4.6615E-01
   2.0000E+00   4.6857E-01
   2.0001E+00   4.7039E-01
   2.0001E+00   4.7181E-01
   2.0001E+00   4.7292E-01
   2.0001E+00   4.7384E-01
   2.0001E+00   4.7462E-01
   2.0001E+00   4.7527E-01
   2.0001E+00   4.7580E-01
   2.0001E+00   4.7633E-01
   2.0002E+00   4.7682E-01
   2.0002E+00   4.7729E-01
   2.0002E+00   4.7774E-01
   2.0002E+00   4.7815E-01
   2.0002E+00   4.7858E-01
   2.0002E+00   4.7903E-01
   2.0003E+00   4.7951E-01
   2.0003E+00   4.8005E-01
   2.0003E+00   4.8069E-01
   2.0003E+00   4.8152E-01
   2.0004E+00   4.8229E-01
   2.0005E+00   4.8317E-01
   2.0006E+00   4.8262E-01
   2.0007E+00   4.8063E-01
   2.0007E+00   4.7853E-01
   2.0008E+00   4.7685E-01
   2.0008E+00   4.7528E-01
   2.0009E+00   4.7381E-01
   2.0009E+00   4.7239E-01
   2.0010E+00   4.7094E-01
   2.0011E+00   4.6938E-01
   2.0011E+00   4.6759E-01
   2.0013E+00   4.6551E-01
   2.0014E+00   4.6313E-01
   2.0015E+00   4.6052E-01
   2.0017E+00   4.5770E-01
   2.0018E+00   4.5468E-01
   2.0020E+00   4.5139E-01
   2.0022E+00   4.4792E-01
   2.0024E+00   4.4442E-01
   2.0026E+00   4.4074E-01
   2.0028E+00   4.3708E-01
   2.0030E+00   4.3391E-01
   2.0031E+00   4.3138E-01
   2.0032E+00   4.2943E-01
   2.0033E+00   4.2784E-01
   2.0034E+00   4.2636E-01
   2.0035E+00   4.2483E-01
   2.0036E+00   4.2313E-01
   2.0038E+00   4.2118E-01
   2.0040E+00   4.1899E-01
   2.0041E+00   4.1668E-01
   2.0043E+00   4.1442E-01
   2.0044E+00   4.1252E-01
   2.0045E+00   4.1093E-01
   2.0047E+00   4.0909E-01
   2.0049E+00   4.0701E-01
   2.0053E+00   4.0409E-01
   2.0060E+00   3.9946E-01
   2.0072E+00   3.9211E-01
   2.0083E+00   3.8071E-01
   2.0099E+00   3.7108E-01
   2.0126E+00   3.5928E-01
   2.0172E+00   3.4277E-01
   2.0237E+00   3.2211E-01
   2.0312E+00   3.0044E-01
   2.0387E+00   2.8164E-01
   2.0462E+00   2.6664E-01
   2.0537E+00   2.5435E-01
   2.0593E+00   2.4405E-01
   2.0668E+00   2.3719E-01
   2.0742E+00   2.3017E-01
   2.0817E+00   2.2444E-01
   2.0893E+00   2.1969E-01
   2.0968E+00   2.1584E-01
   2.1036E+00   2.1266E-01
   2.1106E+00   2.1015E-01
   2.1181E+00   2.0797E-01
   2.1256E+00   2.0590E-01
   2.1266E+00   2.0411E-01
   2.1284E+00   2.0389E-01
   2.1288E+00   2.0346E-01
   2.1293E+00   2.0327E-01
   2.1295E+00   2.0305E-01
   2.1296E+00   2.0296E-01
   2.1297E+00   2.0285E-01
   2.1298E+00   2.0277E-01
   2.1300E+00   2.0264E-01
   2.1304E+00   2.0249E-01
   2.1311E+00   2.0231E-01
   2.1321E+00   2.0209E-01
   2.1340E+00   2.0177E-01
   2.1373E+00   2.0123E-01
   2.1430E+00   2.0032E-01
   2.1505E+00   1.9877E-01
   2.1580E+00   1.9688E-01
   2.1655E+00   1.9494E-01
   2.1730E+00   1.9303E-01
   2.1805E+00   1.9144E-01
   2.1880E+00   1.9011E-01
   2.1955E+00   1.8865E-01
   2.2030E+00   1.8736E-01
   2.2105E+00   1.8610E-01
   2.2180E+00   1.8497E-01
   2.2255E+00   1.8385E-01
   2.2330E+00   1.8286E-01
   2.2405E+00   1.8189E-01
   2.2480E+00   1.8107E-01
   2.2555E+00   1.8027E-01
   2.2630E+00   1.7964E-01
   2.2705E+00   1.7900E-01
   2.2780E+00   1.7851E-01
   2.2855E+00   1.7800E-01
   2.2930E+00   1.7760E-01
   2.3005E+00   1.7716E-01
   2.3080E+00   1.7682E-01
   2.3155E+00   1.7642E-01
   2.3230E+00   1.7612E-01
   2.3305E+00   1.7576E-01
   2.3380E+00   1.7550E-01
   2.3439E+00   1.7586E-01
   2.3514E+00   1.7584E-01
   2.3589E+00   1.7544E-01
   2.3664E+00   1.7495E-01
   2.3739E+00   1.7445E-01
   2.3814E+00   1.7404E-01
   2.3889E+00   1.7374E-01
   2.3964E+00   1.7356E-01
   2.4039E+00   1.7346E-01
   2.4114E+00   1.7340E-01
   2.4189E+00   1.7336E-01
   2.4264E+00   1.7331E-01
   2.4339E+00   1.7323E-01
   2.4414E+00   1.7313E-01
   2.4489E+00   1.7299E-01
   2.4564E+00   1.7286E-01
   2.4639E+00   1.7271E-01
   2.4714E+00   1.7259E-01
   2.4789E+00   1.7246E-01
   2.4864E+00   1.7236E-01
   2.4910E+00   1.7111E-01
   2.4941E+00   1.7073E-01
   2.4964E+00   1.7085E-01
   2.4989E+00   1.7080E-01
   2.5008E+00   1.7102E-01
   2.5008E+00   1.7136E-01
   2.5008E+00   1.7135E-01
   2.5008E+00   1.7141E-01
   2.5008E+00   1.7148E-01
   2.5008E+00   1.7153E-01
   2.5008E+00   1.7154E-01
   2.5008E+00   1.7155E-01
   2.5008E+00   1.7156E-01
   2.5008E+00   1.7156E-01
   2.5008E+00   1.7156E-01
   2.5008E+00   1.7156E-01
   2.5008E+00   1.7155E-01
   2.5008E+00   1.7155E-01
   2.5008E+00   1.7154E-01
   2.5008E+00   1.7155E-01
   2.5009E+00   1.7157E-01
   2.5010E+00   1.7158E-01
   2.5012E+00   1.7159E-01
   2.5013E+00   1.7157E-01
   2.5015E+00   1.7153E-01
   2.5018E+00   1.7147E-01
   2.5018E+00   1.7141E-01
   2.5019E+00   1.7141E-01
   2.5019E+00   1.7134E-01
   2.5020E+00   1.7130E-01
   2.5020E+00   1.7127E-01
   2.5021E+00   1.7124E-01
   2.5024E+00   1.7122E-01
   2.5027E+00   1.7118E-01
   2.5034E+00   1.7114E-01
   2.5043E+00   1.7107E-01
   2.5055E+00   1.7097E-01
   2.5069E+00   1.7083E-01
   2.5083E+00   1.7065E-01
   2.5104E+00   1.7045E-01
   2.5131E+00   1.6980E-01
   2.5159E+00   1.6947E-01
   2.5177E+00   1.6944E-01
   2.5190E+00   1.6970E-01
   2.5201E+00   1.7004E-01
   2.5205E+00   1.7038E-01
   2.5213E+00   1.7050E-01
   2.5225E+00   1.7067E-01
   2.5241E+00   1.7076E-01
   2.5249E+00   1.7088E-01
   2.5264E+00   1.7091E-01
   2.5284E+00   1.7084E-01
   2.5284E+00   1.7077E-01
   2.5284E+00   1.7077E-01
   2.5284E+00   1.7077E-01
   2.5284E+00   1.7077E-01
   2.5284E+00   1.7077E-01
   2.5284E+00   1.7077E-01
   2.5284E+00   1.7077E-01
   2.5284E+00   1.7077E-01
   2.5284E+00   1.7077E-01
   2.5284E+00   1.7076E-01
   2.5284E+00   1.7075E-01
   2.5284E+00   1.7074E-01
   2.5285E+00   1.7072E-01
   2.5285E+00   1.7070E-01
   2.5286E+00   1.7069E-01
   2.5287E+00   1.7069E-01
   2.5289E+00   1.7069E-01
   2.5290E+00   1.7069E-01
   2.5292E+00   1.7065E-01
   2.5292E+00   1.7067E-01
   2.5293E+00   1.7063E-01
   2.5293E+00   1.7066E-01
   2.5293E+00   1.7065E-01
   2.5293E+00   1.7066E-01
   2.5294E+00   1.7066E-01
   2.5294E+00   1.7067E-01
   2.5294E+00   1.7067E-01
   2.5294E+00   1.7067E-01
   2.5294E+00   1.7066E-01
   2.5294E+00   1.7067E-01
   2.5294E+00   1.7065E-01
   2.5294E+00   1.7067E-01
   2.5295E+00   1.7069E-01
   2.5295E+00   1.7066E-01
   2.5296E+00   1.7065E-01
   2.5297E+00   1.7065E-01
   2.5299E+00   1.7065E-01
   2.5302E+00   1.7066E-01
   2.5305E+00   1.7066E-01
   2.5308E+00   1.7067E-01
   2.5312E+00   1.7066E-01
   2.5315E+00   1.7066E-01
   2.5320E+00   1.7066E-01
   2.5326E+00   1.7066E-01
   2.5335E+00   1.7065E-01
   2.5351E+00   1.7063E-01
   2.5379E+00   1.7056E-01
   2.5426E+00   1.7043E-01
   2.5501E+00   1.7012E-01
   2.5576E+00   1.6977E-01
   2.5578E+00   1.6952E-01
   2.5578E+00   1.6953E-01
   2.5578E+00   1.6957E-01
   2.5578E+00   1.6962E-01
   2.5578E+00   1.6968E-01
   2.5578E+00   1.6973E-01
   2.5578E+00   1.6979E-01
   2.5578E+00   1.6985E-01
   2.5578E+00   1.6993E-01
   2.5578E+00   1.7002E-01
   2.5578E+00   1.7013E-01
   2.5578E+00   1.7026E-01
   2.5578E+00   1.7041E-01
   2.5578E+00   1.7058E-01
   2.5578E+00   1.7070E-01
   2.5578E+00   1.7080E-01
   2.5578E+00   1.7083E-01
   2.5579E+00   1.7081E-01
   2.5579E+00   1.7079E-01
   2.5579E+00   1.7074E-01
   2.5579E+00   1.7071E-01
   2.5579E+00   1.7069E-01
   2.5579E+00   1.7067E-01
   2.5580E+00   1.7068E-01
   2.5580E+00   1.7071E-01
   2.5580E+00   1.7072E-01
   2.5580E+00   1.7074E-01
   2.5580E+00   1.7075E-01
   2.5580E+00   1.7074E-01
   2.5580E+00   1.7073E-01
   2.5580E+00   1.7071E-01
   2.5581E+00   1.7071E-01
   2.5581E+00   1.7071E-01
   2.5582E+00   1.7073E-01
   2.5583E+00   1.7075E-01
   2.5584E+00   1.7077E-01
   2.5585E+00   1.7077E-01
   2.5586E+00   1.7077E-01
   2.5588E+00   1.7078E-01
   2.5590E+00   1.7073E-01
   2.5593E+00   1.7068E-01
   2.5599E+00   1.7063E-01
   2.5599E+00   1.7058E-01
   2.5600E+00   1.7058E-01
   2.5601E+00   1.7059E-01
   2.5602E+00   1.7054E-01
   2.5603E+00   1.7056E-01
   2.5605E+00   1.7053E-01
   2.5605E+00   1.7055E-01
   2.5605E+00   1.7056E-01
   2.5605E+00   1.7055E-01
   2.5605E+00   1.7053E-01
   2.5605E+00   1.7050E-01
   2.5606E+00   1.7048E-01
   2.5607E+00   1.7047E-01
   2.5608E+00   1.7047E-01
   2.5610E+00   1.7047E-01
   2.5614E+00   1.7048E-01
   2.5621E+00   1.7048E-01
   2.5633E+00   1.7043E-01
   2.5633E+00   1.7040E-01
   2.5633E+00   1.7039E-01
   2.5633E+00   1.7039E-01
   2.5633E+00   1.7039E-01
   2.5633E+00   1.7039E-01
   2.5633E+00   1.7039E-01
   2.5633E+00   1.7038E-01
   2.5633E+00   1.7037E-01
   2.5633E+00   1.7035E-01
   2.5633E+00   1.7033E-01
   2.5633E+00   1.7030E-01
   2.5634E+00   1.7028E-01
   2.5635E+00   1.7026E-01
   2.5636E+00   1.7024E-01
   2.5636E+00   1.7021E-01
   2.5636E+00   1.7020E-01
   2.5636E+00   1.7020E-01
   2.5636E+00   1.7020E-01
   2.5636E+00   1.7019E-01
   2.5637E+00   1.7018E-01
   2.5637E+00   1.7016E-01
   2.5637E+00   1.7013E-01
   2.5638E+00   1.7012E-01
   2.5638E+00   1.7011E-01
   2.5639E+00   1.7012E-01
   2.5640E+00   1.7013E-01
   2.5643E+00   1.7015E-01
   2.5646E+00   1.7017E-01
   2.5652E+00   1.7018E-01
   2.5663E+00   1.7017E-01
   2.5675E+00   1.7003E-01
   2.5677E+00   1.7003E-01
   2.5680E+00   1.7001E-01
   2.5686E+00   1.7006E-01
   2.5690E+00   1.7018E-01
   2.5695E+00   1.7013E-01
   2.5704E+00   1.7009E-01
   2.5719E+00   1.7004E-01
   2.5744E+00   1.6994E-01
   2.5788E+00   1.6973E-01
   2.5837E+00   1.6927E-01
   2.5838E+00   1.6969E-01
   2.5839E+00   1.6968E-01
   2.5839E+00   1.6956E-01
   2.5839E+00   1.6953E-01
   2.5840E+00   1.6949E-01
   2.5840E+00   1.6943E-01
   2.5840E+00   1.6939E-01
   2.5840E+00   1.6935E-01
   2.5840E+00   1.6932E-01
   2.5840E+00   1.6929E-01
   2.5840E+00   1.6926E-01
   2.5841E+00   1.6921E-01
   2.5842E+00   1.6917E-01
   2.5843E+00   1.6912E-01
   2.5844E+00   1.6909E-01
   2.5847E+00   1.6906E-01
   2.5849E+00   1.6905E-01
   2.5851E+00   1.6905E-01
   2.5853E+00   1.6906E-01
   2.5857E+00   1.6906E-01
   2.5859E+00   1.6906E-01
   2.5861E+00   1.6906E-01
   2.5865E+00   1.6907E-01
   2.5869E+00   1.6901E-01
   2.5869E+00   1.6904E-01
   2.5869E+00   1.6904E-01
   2.5869E+00   1.6903E-01
   2.5869E+00   1.6903E-01
   2.5869E+00   1.6903E-01
   2.5869E+00   1.6902E-01
   2.5869E+00   1.6902E-01
   2.5869E+00   1.6900E-01
   2.5869E+00   1.6900E-01
   2.5870E+00   1.6898E-01
   2.5870E+00   1.6899E-01
   2.5870E+00   1.6896E-01
   2.5870E+00   1.6898E-01
   2.5870E+00   1.6896E-01
   2.5870E+00   1.6897E-01
   2.5870E+00   1.6896E-01
   2.5870E+00   1.6897E-01
   2.5870E+00   1.6897E-01
   2.5870E+00   1.6897E-01
   2.5870E+00   1.6897E-01
   2.5870E+00   1.6897E-01
   2.5870E+00   1.6897E-01
   2.5870E+00   1.6897E-01
   2.5870E+00   1.6897E-01
   2.5870E+00   1.6897E-01
   2.5870E+00   1.6897E-01
   2.5870E+00   1.6897E-01
   2.5870E+00   1.6896E-01
   2.5870E+00   1.6895E-01
   2.5870E+00   1.6894E-01
   2.5870E+00   1.6893E-01
   2.5871E+00   1.6893E-01
   2.5872E+00   1.6894E-01
   2.5873E+00   1.6895E-01
   2.5874E+00   1.6897E-01
   2.5876E+00   1.6899E-01
   2.5879E+00   1.6914E-01
   2.5884E+00   1.6911E-01
   2.5884E+00   1.6891E-01
   2.5885E+00   1.6889E-01
   2.5885E+00   1.6880E-01
   2.5885E+00   1.6871E-01
   2.5885E+00   1.6866E-01
   2.5885E+00   1.6861E-01
   2.5886E+00   1.6857E-01
   2.5886E+00   1.6853E-01
   2.5886E+00   1.6850E-01
   2.5886E+00   1.6847E-01
   2.5886E+00   1.6844E-01
   2.5886E+00   1.6840E-01
   2.5887E+00   1.6833E-01
   2.5887E+00   1.6824E-01
   2.5888E+00   1.6817E-01
   2.5889E+00   1.6810E-01
   2.5890E+00   1.6804E-01
   2.5891E+00   1.6801E-01
   2.5892E+00   1.6799E-01
   2.5892E+00   1.6796E-01
   2.5893E+00   1.6791E-01
   2.5895E+00   1.6784E-01
   2.5898E+00   1.6775E-01
   2.5904E+00   1.6762E-01
   2.5913E+00   1.6746E-01
   2.5929E+00   1.6725E-01
   2.5957E+00   1.6695E-01
   2.6006E+00   1.6658E-01
   2.6077E+00   1.6615E-01
   2.6152E+00   1.6518E-01
   2.6227E+00   1.6362E-01
   2.6302E+00   1.6195E-01
   2.6377E+00   1.6033E-01
   2.6452E+00   1.5885E-01
   2.6527E+00   1.5785E-01
   2.6602E+00   1.5755E-01
   2.6677E+00   1.5766E-01
   2.6752E+00   1.5800E-01
   2.6753E+00   1.5569E-01
   2.6753E+00   1.5572E-01
   2.6753E+00   1.5575E-01
   2.6753E+00   1.5577E-01
   2.6753E+00   1.5580E-01
   2.6753E+00   1.5580E-01
   2.6753E+00   1.5580E-01
   2.6753E+00   1.5580E-01
   2.6753E+00   1.5581E-01
   2.6753E+00   1.5581E-01
   2.6753E+00   1.5581E-01
   2.6753E+00   1.5581E-01
   2.6753E+00   1.5582E-01
   2.6753E+00   1.5582E-01
   2.6753E+00   1.5582E-01
   2.6753E+00   1.5582E-01
   2.6753E+00   1.5582E-01
   2.6753E+00   1.5582E-01
   2.6753E+00   1.5582E-01
   2.6753E+00   1.5583E-01
   2.6753E+00   1.5583E-01
   2.6753E+00   1.5583E-01
   2.6753E+00   1.5583E-01
   2.6753E+00   1.5583E-01
   2.6753E+00   1.5583E-01
   2.6753E+00   1.5583E-01
   2.6753E+00   1.5583E-01
   2.6753E+00   1.5583E-01
   2.6753E+00   1.5584E-01
   2.6753E+00   1.5585E-01
   2.6753E+00   1.5586E-01
   2.6753E+00   1.5588E-01
   2.6753E+00   1.5592E-01
   2.6753E+00   1.5597E-01
   2.6753E+00   1.5602E-01
   2.6753E+00   1.5609E-01
   2.6753E+00   1.5617E-01
   2.6753E+00   1.5626E-01
   2.6753E+00   1.5637E-01
   2.6753E+00   1.5651E-01
   2.6753E+00   1.5670E-01
   2.6753E+00   1.5691E-01
   2.6753E+00   1.5716E-01
   2.6753E+00   1.5745E-01
   2.6753E+00   1.5781E-01
   2.6753E+00   1.5825E-01
   2.6753E+00   1.5880E-01
   2.6753E+00   1.5950E-01
   2.6754E+00   1.6039E-01
   2.6754E+00   1.6158E-01
   2.6754E+00   1.6275E-01
   2.6754E+00   1.6384E-01
   2.6755E+00   1.6403E-01
   2.6755E+00   1.6397E-01
   2.6755E+00   1.6394E-01
   2.6755E+00   1.6390E-01
   2.6755E+00   1.6383E-01
   2.6755E+00   1.6372E-01
   2.6756E+00   1.6364E-01
   2.6756E+00   1.6355E-01
   2.6756E+00   1.6346E-01
   2.6757E+00   1.6332E-01
   2.6757E+00   1.6327E-01
   2.6757E+00   1.6314E-01
   2.6757E+00   1.6310E-01
   2.6757E+00   1.6309E-01
   2.6757E+00   1.6308E-01
   2.6757E+00   1.6307E-01
   2.6757E+00   1.6307E-01
   2.6757E+00   1.6305E-01
   2.6757E+00   1.6304E-01
   2.6757E+00   1.6300E-01
   2.6757E+00   1.6297E-01
   2.6757E+00   1.6297E-01
   2.6757E+00   1.6297E-01
   2.6758E+00   1.6297E-01
   2.6758E+00   1.6297E-01
   2.6758E+00   1.6297E-01
   2.6758E+00   1.6297E-01
   2.6758E+00   1.6297E-01
   2.6758E+00   1.6297E-01
   2.6758E+00   1.6297E-01
   2.6758E+00   1.6297E-01
   2.6758E+00   1.6297E-01
   2.6758E+00   1.6297E-01
   2.6758E+00   1.6296E-01
   2.6758E+00   1.6296E-01
   2.6758E+00   1.6294E-01
   2.6758E+00   1.6295E-01
   2.6758E+00   1.6294E-01
   2.6759E+00   1.6295E-01
   2.6759E+00   1.6295E-01
   2.6759E+00   1.6294E-01
   2.6759E+00   1.6293E-01
   2.6760E+00   1.6294E-01
   2.6760E+00   1.6295E-01
   2.6760E+00   1.6296E-01
   2.6760E+00   1.6295E-01
   2.6760E+00   1.6296E-01
   2.6760E+00   1.6296E-01
   2.6760E+00   1.6297E-01
   2.6760E+00   1.6298E-01
   2.6761E+00   1.6299E-01
   2.6761E+00   1.6297E-01
   2.6761E+00   1.6298E-01
   2.6761E+00   1.6302E-01
   2.6761E+00   1.6298E-01
   2.6762E+00   1.6296E-01
   2.6762E+00   1.6294E-01
   2.6763E+00   1.6294E-01
   2.6764E+00   1.6295E-01
   2.6766E+00   1.6299E-01
   2.6769E+00   1.6309E-01
   2.6774E+00   1.6316E-01
   2.6780E+00   1.6321E-01
   2.6783E+00   1.6341E-01
   2.6787E+00   1.6335E-01
   2.6792E+00   1.6334E-01
   2.6800E+00   1.6340E-01
   2.6812E+00   1.6350E-01
   2.6832E+00   1.6364E-01
   2.6833E+00   1.6385E-01
   2.6834E+00   1.6386E-01
   2.6834E+00   1.6409E-01
   2.6834E+00   1.6412E-01
   2.6834E+00   1.6432E-01
   2.6834E+00   1.6440E-01
   2.6834E+00   1.6449E-01
   2.6834E+00   1.6461E-01
   2.6834E+00   1.6471E-01
   2.6834E+00   1.6478E-01
   2.6835E+00   1.6483E-01
   2.6835E+00   1.6486E-01
   2.6835E+00   1.6484E-01
   2.6835E+00   1.6482E-01
   2.6836E+00   1.6480E-01
   2.6836E+00   1.6478E-01
   2.6837E+00   1.6478E-01
   2.6837E+00   1.6479E-01
   2.6838E+00   1.6481E-01
   2.6839E+00   1.6478E-01
   2.6841E+00   1.6482E-01
   2.6844E+00   1.6487E-01
   2.6848E+00   1.6490E-01
   2.6853E+00   1.6495E-01
   2.6858E+00   1.6506E-01
   2.6867E+00   1.6507E-01
   2.6880E+00   1.6514E-01
   2.6880E+00   1.6525E-01
   2.6880E+00   1.6526E-01
   2.6880E+00   1.6536E-01
   2.6881E+00   1.6558E-01
   2.6881E+00   1.6580E-01
   2.6881E+00   1.6581E-01
   2.6881E+00   1.6584E-01
   2.6881E+00   1.6589E-01
   2.6881E+00   1.6597E-01
   2.6881E+00   1.6607E-01
   2.6881E+00   1.6616E-01
   2.6881E+00   1.6616E-01
   2.6881E+00   1.6616E-01
   2.6881E+00   1.6616E-01
   2.6881E+00   1.6616E-01
   2.6881E+00   1.6616E-01
   2.6881E+00   1.6616E-01
   2.6881E+00   1.6615E-01
   2.6881E+00   1.6614E-01
   2.6881E+00   1.6613E-01
   2.6881E+00   1.6613E-01
   2.6881E+00   1.6612E-01
   2.6881E+00   1.6613E-01
   2.6881E+00   1.6612E-01
   2.6881E+00   1.6613E-01
   2.6881E+00   1.6613E-01
   2.6881E+00   1.6613E-01
   2.6881E+00   1.6612E-01
   2.6881E+00   1.6612E-01
   2.6881E+00   1.6613E-01
   2.6881E+00   1.6614E-01
   2.6882E+00   1.6616E-01
   2.6882E+00   1.6618E-01
   2.6882E+00   1.6619E-01
   2.6882E+00   1.6619E-01
   2.6883E+00   1.6620E-01
   2.6883E+00   1.6619E-01
   2.6883E+00   1.6620E-01
   2.6883E+00   1.6619E-01
   2.6883E+00   1.6621E-01
   2.6884E+00   1.6623E-01
   2.6884E+00   1.6621E-01
   2.6885E+00   1.6620E-01
   2.6886E+00   1.6620E-01
   2.6887E+00   1.6623E-01
   2.6888E+00   1.6631E-01
   2.6889E+00   1.6625E-01
   2.6890E+00   1.6623E-01
   2.6892E+00   1.6623E-01
   2.6895E+00   1.6624E-01
   2.6898E+00   1.6624E-01
   2.6903E+00   1.6625E-01
   2.6909E+00   1.6627E-01
   2.6916E+00   1.6623E-01
   2.6916E+00   1.6631E-01
   2.6916E+00   1.6632E-01
   2.6916E+00   1.6639E-01
   2.6916E+00   1.6648E-01
   2.6916E+00   1.6655E-01
   2.6916E+00   1.6660E-01
   2.6916E+00   1.6661E-01
   2.6916E+00   1.6661E-01
   2.6916E+00   1.6661E-01
   2.6917E+00   1.6663E-01
   2.6917E+00   1.6663E-01
   2.6917E+00   1.6664E-01
   2.6917E+00   1.6663E-01
   2.6917E+00   1.6663E-01
   2.6917E+00   1.6663E-01
   2.6917E+00   1.6663E-01
   2.6917E+00   1.6663E-01
   2.6917E+00   1.6663E-01
   2.6917E+00   1.6663E-01
   2.6917E+00   1.6663E-01
   2.6917E+00   1.6664E-01
   2.6917E+00   1.6663E-01
   2.6917E+00   1.6663E-01
   2.6917E+00   1.6662E-01
   2.6917E+00   1.6662E-01
   2.6917E+00   1.6663E-01
   2.6918E+00   1.6664E-01
   2.6918E+00   1.6665E-01
   2.6919E+00   1.6668E-01
   2.6921E+00   1.6670E-01
   2.6923E+00   1.6668E-01
   2.6923E+00   1.6668E-01
   2.6923E+00   1.6667E-01
   2.6924E+00   1.6671E-01
   2.6924E+00   1.6677E-01
   2.6924E+00   1.6680E-01
   2.6925E+00   1.6682E-01
   2.6925E+00   1.6685E-01
   2.6927E+00   1.6688E-01
   2.6929E+00   1.6690E-01
   2.6930E+00   1.6692E-01
   2.6930E+00   1.6693E-01
   2.6931E+00   1.6692E-01
   2.6932E+00   1.6692E-01
   2.6933E+00   1.6694E-01
   2.6936E+00   1.6696E-01
   2.6941E+00   1.6700E-01
   2.6950E+00   1.6702E-01
   2.6965E+00   1.6703E-01
   2.6992E+00   1.6699E-01
   2.7038E+00   1.6703E-01
   2.7113E+00   1.6693E-01
   2.7113E+00   1.6690E-01
   2.7113E+00   1.6691E-01
   2.7113E+00   1.6698E-01
   2.7113E+00   1.6704E-01
   2.7113E+00   1.6711E-01
   2.7113E+00   1.6713E-01
   2.7113E+00   1.6717E-01
   2.7113E+00   1.6723E-01
   2.7113E+00   1.6732E-01
   2.7113E+00   1.6743E-01
   2.7113E+00   1.6756E-01
   2.7113E+00   1.6771E-01
   2.7113E+00   1.6790E-01
   2.7113E+00   1.6813E-01
   2.7113E+00   1.6840E-01
   2.7113E+00   1.6873E-01
   2.7113E+00   1.6907E-01
   2.7113E+00   1.6936E-01
   2.7114E+00   1.6958E-01
   2.7114E+00   1.6970E-01
   2.7114E+00   1.6968E-01
   2.7114E+00   1.6963E-01
   2.7115E+00   1.6954E-01
   2.7115E+00   1.6948E-01
   2.7115E+00   1.6940E-01
   2.7115E+00   1.6933E-01
   2.7116E+00   1.6927E-01
   2.7116E+00   1.6922E-01
   2.7116E+00   1.6920E-01
   2.7116E+00   1.6915E-01
   2.7116E+00   1.6918E-01
   2.7117E+00   1.6918E-01
   2.7117E+00   1.6920E-01
   2.7117E+00   1.6921E-01
   2.7117E+00   1.6922E-01
   2.7117E+00   1.6922E-01
   2.7118E+00   1.6920E-01
   2.7118E+00   1.6918E-01
   2.7118E+00   1.6917E-01
   2.7119E+00   1.6917E-01
   2.7120E+00   1.6916E-01
   2.7121E+00   1.6916E-01
   2.7122E+00   1.6908E-01
   2.7123E+00   1.6909E-01
   2.7124E+00   1.6915E-01
   2.7125E+00   1.6909E-01
   2.7126E+00   1.6905E-01
   2.7129E+00   1.6903E-01
   2.7133E+00   1.6900E-01
   2.7140E+00   1.6898E-01
   2.7153E+00   1.6894E-01
   2.7176E+00   1.6892E-01
   2.7190E+00   1.6904E-01
   2.7208E+00   1.6894E-01
   2.7234E+00   1.6892E-01
   2.7274E+00   1.6897E-01
   2.7343E+00   1.6913E-01
   2.7343E+00   1.6951E-01
   2.7343E+00   1.6953E-01
   2.7343E+00   1.6958E-01
   2.7343E+00   1.6959E-01
   2.7343E+00   1.6961E-01
   2.7343E+00   1.6962E-01
   2.7343E+00   1.6965E-01
   2.7343E+00   1.6969E-01
   2.7343E+00   1.6973E-01
   2.7343E+00   1.6980E-01
   2.7343E+00   1.6987E-01
   2.7343E+00   1.6993E-01
   2.7343E+00   1.6998E-01
   2.7343E+00   1.7000E-01
   2.7343E+00   1.7001E-01
   2.7343E+00   1.7001E-01
   2.7343E+00   1.7000E-01
   2.7343E+00   1.6998E-01
   2.7343E+00   1.6996E-01
   2.7343E+00   1.6996E-01
   2.7343E+00   1.6996E-01
   2.7343E+00   1.6992E-01
   2.7344E+00   1.6994E-01
   2.7344E+00   1.6994E-01
   2.7344E+00   1.6997E-01
   2.7344E+00   1.6998E-01
   2.7344E+00   1.6997E-01
   2.7344E+00   1.6996E-01
   2.7344E+00   1.6995E-01
   2.7345E+00   1.6994E-01
   2.7345E+00   1.6993E-01
   2.7346E+00   1.6994E-01
   2.7347E+00   1.6996E-01
   2.7349E+00   1.6999E-01
   2.7352E+00   1.7003E-01
   2.7356E+00   1.7007E-01
   2.7364E+00   1.7009E-01
   2.7364E+00   1.7014E-01
   2.7364E+00   1.7011E-01
   2.7364E+00   1.7016E-01
   2.7364E+00   1.7017E-01
   2.7364E+00   1.7021E-01
   2.7364E+00   1.7028E-01
   2.7364E+00   1.7027E-01
   2.7364E+00   1.7025E-01
   2.7365E+00   1.7023E-01
   2.7365E+00   1.7022E-01
   2.7366E+00   1.7023E-01
   2.7368E+00   1.7025E-01
   2.7371E+00   1.7027E-01
   2.7376E+00   1.7028E-01
   2.7384E+00   1.7027E-01
   2.7384E+00   1.7025E-01
   2.7384E+00   1.7024E-01
   2.7384E+00   1.7024E-01
   2.7384E+00   1.7021E-01
   2.7384E+00   1.7022E-01
   2.7385E+00   1.7022E-01
   2.7385E+00   1.7022E-01
   2.7385E+00   1.7021E-01
   2.7385E+00   1.7021E-01
   2.7385E+00   1.7021E-01
   2.7385E+00   1.7021E-01
   2.7385E+00   1.7020E-01
   2.7385E+00   1.7020E-01
   2.7386E+00   1.7018E-01
   2.7386E+00   1.7019E-01
   2.7386E+00   1.7021E-01
   2.7386E+00   1.7018E-01
   2.7387E+00   1.7016E-01
   2.7388E+00   1.7015E-01
   2.7389E+00   1.7016E-01
   2.7392E+00   1.7016E-01
   2.7396E+00   1.7016E-01
   2.7396E+00   1.7016E-01
   2.7397E+00   1.7013E-01
   2.7397E+00   1.7013E-01
   2.7397E+00   1.7010E-01
   2.7397E+00   1.7011E-01
   2.7397E+00   1.7012E-01
   2.7397E+00   1.7011E-01
   2.7398E+00   1.7010E-01
   2.7398E+00   1.7008E-01
   2.7398E+00   1.7006E-01
   2.7399E+00   1.7005E-01
   2.7399E+00   1.7006E-01
   2.7400E+00   1.7007E-01
   2.7401E+00   1.7010E-01
   2.7403E+00   1.7015E-01
   2.7406E+00   1.7020E-01
   2.7412E+00   1.7026E-01
   2.7422E+00   1.7032E-01
   2.7440E+00   1.7039E-01
   2.7468E+00   1.7040E-01
   2.7516E+00   1.7051E-01
   2.7591E+00   1.7068E-01
   2.7666E+00   1.7096E-01
   2.7741E+00   1.7142E-01
   2.7816E+00   1.7185E-01
   2.7817E+00   1.7263E-01
   2.7817E+00   1.7264E-01
   2.7817E+00   1.7270E-01
   2.7817E+00   1.7284E-01
   2.7817E+00   1.7298E-01
   2.7817E+00   1.7302E-01
   2.7817E+00   1.7309E-01
   2.7817E+00   1.7319E-01
   2.7817E+00   1.7333E-01
   2.7817E+00   1.7350E-01
   2.7817E+00   1.7370E-01
   2.7817E+00   1.7378E-01
   2.7817E+00   1.7393E-01
   2.7817E+00   1.7417E-01
   2.7817E+00   1.7426E-01
   2.7817E+00   1.7436E-01
   2.7817E+00   1.7442E-01
   2.7817E+00   1.7444E-01
   2.7818E+00   1.7444E-01
   2.7818E+00   1.7442E-01
   2.7818E+00   1.7439E-01
   2.7819E+00   1.7438E-01
   2.7819E+00   1.7437E-01
   2.7819E+00   1.7436E-01
   2.7820E+00   1.7436E-01
   2.7821E+00   1.7436E-01
   2.7821E+00   1.7435E-01
   2.7821E+00   1.7435E-01
   2.7821E+00   1.7434E-01
   2.7821E+00   1.7434E-01
   2.7822E+00   1.7434E-01
   2.7822E+00   1.7433E-01
   2.7822E+00   1.7431E-01
   2.7822E+00   1.7431E-01
   2.7822E+00   1.7431E-01
   2.7822E+00   1.7431E-01
   2.7822E+00   1.7430E-01
   2.7822E+00   1.7431E-01
   2.7822E+00   1.7431E-01
   2.7822E+00   1.7431E-01
   2.7822E+00   1.7431E-01
   2.7822E+00   1.7431E-01
   2.7822E+00   1.7430E-01
   2.7822E+00   1.7430E-01
   2.7822E+00   1.7430E-01
   2.7823E+00   1.7429E-01
   2.7823E+00   1.7427E-01
   2.7824E+00   1.7426E-01
   2.7824E+00   1.7418E-01
   2.7824E+00   1.7419E-01
   2.7825E+00   1.7418E-01
   2.7825E+00   1.7417E-01
   2.7825E+00   1.7415E-01
   2.7825E+00   1.7415E-01
   2.7825E+00   1.7415E-01
   2.7825E+00   1.7414E-01
   2.7825E+00   1.7414E-01
   2.7825E+00   1.7414E-01
   2.7825E+00   1.7414E-01
   2.7825E+00   1.7414E-01
   2.7825E+00   1.7414E-01
   2.7825E+00   1.7414E-01
   2.7825E+00   1.7413E-01
   2.7825E+00   1.7413E-01
   2.7825E+00   1.7413E-01
   2.7826E+00   1.7412E-01
   2.7826E+00   1.7412E-01
   2.7826E+00   1.7412E-01
   2.7827E+00   1.7412E-01
   2.7828E+00   1.7411E-01
   2.7828E+00   1.7412E-01
   2.7828E+00   1.7409E-01
   2.7828E+00   1.7408E-01
   2.7829E+00   1.7407E-01
   2.7829E+00   1.7407E-01
   2.7830E+00   1.7407E-01
   2.7833E+00   1.7407E-01
   2.7836E+00   1.7407E-01
   2.7843E+00   1.7405E-01
   2.7854E+00   1.7402E-01
   2.7867E+00   1.7401E-01
   2.7890E+00   1.7391E-01
   2.7929E+00   1.7387E-01
   2.7961E+00   1.7335E-01
   2.8006E+00   1.7308E-01
   2.8081E+00   1.7272E-01
   2.8156E+00   1.7229E-01
   2.8231E+00   1.7207E-01
   2.8306E+00   1.7198E-01
   2.8307E+00   1.7199E-01
   2.8307E+00   1.7201E-01
   2.8307E+00   1.7211E-01
   2.8307E+00   1.7225E-01
   2.8307E+00   1.7243E-01
   2.8307E+00   1.7255E-01
   2.8307E+00   1.7268E-01
   2.8307E+00   1.7273E-01
   2.8307E+00   1.7282E-01
   2.8307E+00   1.7286E-01
   2.8307E+00   1.7289E-01
   2.8307E+00   1.7293E-01
   2.8307E+00   1.7302E-01
   2.8307E+00   1.7314E-01
   2.8307E+00   1.7325E-01
   2.8307E+00   1.7333E-01
   2.8307E+00   1.7335E-01
   2.8308E+00   1.7334E-01
   2.8308E+00   1.7330E-01
   2.8308E+00   1.7327E-01
   2.8308E+00   1.7324E-01
   2.8309E+00   1.7323E-01
   2.8310E+00   1.7323E-01
   2.8310E+00   1.7323E-01
   2.8311E+00   1.7322E-01
   2.8312E+00   1.7322E-01
   2.8312E+00   1.7317E-01
   2.8312E+00   1.7317E-01
   2.8312E+00   1.7317E-01
   2.8313E+00   1.7316E-01
   2.8313E+00   1.7314E-01
   2.8313E+00   1.7312E-01
   2.8313E+00   1.7312E-01
   2.8314E+00   1.7311E-01
   2.8314E+00   1.7308E-01
   2.8315E+00   1.7308E-01
   2.8315E+00   1.7303E-01
   2.8316E+00   1.7303E-01
   2.8317E+00   1.7302E-01
   2.8318E+00   1.7300E-01
   2.8319E+00   1.7297E-01
   2.8321E+00   1.7290E-01
   2.8324E+00   1.7283E-01
   2.8330E+00   1.7274E-01
   2.8339E+00   1.7263E-01
   2.8355E+00   1.7243E-01
   2.8365E+00   1.7222E-01
   2.8375E+00   1.7212E-01
   2.8394E+00   1.7183E-01
   2.8426E+00   1.7143E-01
   2.8481E+00   1.7095E-01
   2.8556E+00   1.7041E-01
   2.8631E+00   1.6974E-01
   2.8632E+00   1.6916E-01
   2.8633E+00   1.6916E-01
   2.8633E+00   1.6908E-01
   2.8633E+00   1.6907E-01
   2.8633E+00   1.6905E-01
   2.8633E+00   1.6903E-01
   2.8633E+00   1.6900E-01
   2.8633E+00   1.6896E-01
   2.8633E+00   1.6893E-01
   2.8633E+00   1.6890E-01
   2.8634E+00   1.6887E-01
   2.8634E+00   1.6883E-01
   2.8634E+00   1.6877E-01
   2.8635E+00   1.6868E-01
   2.8635E+00   1.6858E-01
   2.8635E+00   1.6848E-01
   2.8636E+00   1.6839E-01
   2.8636E+00   1.6832E-01
   2.8636E+00   1.6827E-01
   2.8636E+00   1.6824E-01
   2.8636E+00   1.6822E-01
   2.8636E+00   1.6821E-01
   2.8636E+00   1.6820E-01
   2.8637E+00   1.6817E-01
   2.8637E+00   1.6812E-01
   2.8638E+00   1.6804E-01
   2.8639E+00   1.6795E-01
   2.8641E+00   1.6788E-01
   2.8644E+00   1.6785E-01
   2.8647E+00   1.6785E-01
   2.8650E+00   1.6791E-01
   2.8652E+00   1.6797E-01
   2.8654E+00   1.6804E-01
   2.8659E+00   1.6809E-01
   2.8662E+00   1.6816E-01
   2.8664E+00   1.6812E-01
   2.8668E+00   1.6813E-01
   2.8672E+00   1.6811E-01
   2.8677E+00   1.6812E-01
   2.8684E+00   1.6812E-01
   2.8689E+00   1.6808E-01
   2.8690E+00   1.6804E-01
   2.8691E+00   1.6800E-01
   2.8692E+00   1.6798E-01
   2.8693E+00   1.6796E-01
   2.8693E+00   1.6796E-01
   2.8694E+00   1.6795E-01
   2.8695E+00   1.6795E-01
   2.8696E+00   1.6791E-01
   2.8696E+00   1.6794E-01
   2.8696E+00   1.6792E-01
   2.8696E+00   1.6794E-01
   2.8697E+00   1.6795E-01
   2.8697E+00   1.6798E-01
   2.8698E+00   1.6799E-01
   2.8698E+00   1.6802E-01
   2.8698E+00   1.6802E-01
   2.8698E+00   1.6802E-01
   2.8698E+00   1.6799E-01
   2.8698E+00   1.6800E-01
   2.8699E+00   1.6800E-01
   2.8699E+00   1.6800E-01
   2.8699E+00   1.6800E-01
   2.8699E+00   1.6800E-01
   2.8699E+00   1.6799E-01
   2.8699E+00   1.6799E-01
   2.8699E+00   1.6799E-01
   2.8699E+00   1.6800E-01
   2.8700E+00   1.6801E-01
   2.8700E+00   1.6802E-01
   2.8701E+00   1.6804E-01
   2.8703E+00   1.6803E-01
   2.8706E+00   1.6802E-01
   2.8710E+00   1.6800E-01
   2.8719E+00   1.6799E-01
   2.8730E+00   1.6790E-01
   2.8736E+00   1.6788E-01
   2.8747E+00   1.6783E-01
   2.8747E+00   1.6776E-01
   2.8747E+00   1.6778E-01
   2.8747E+00   1.6777E-01
   2.8747E+00   1.6776E-01
   2.8747E+00   1.6774E-01
   2.8747E+00   1.6771E-01
   2.8747E+00   1.6767E-01
   2.8748E+00   1.6763E-01
   2.8748E+00   1.6759E-01
   2.8748E+00   1.6756E-01
   2.8748E+00   1.6752E-01
   2.8748E+00   1.6750E-01
   2.8748E+00   1.6748E-01
   2.8749E+00   1.6747E-01
   2.8749E+00   1.6746E-01
   2.8749E+00   1.6747E-01
   2.8750E+00   1.6747E-01
   2.8750E+00   1.6748E-01
   2.8751E+00   1.6749E-01
   2.8752E+00   1.6750E-01
   2.8754E+00   1.6751E-01
   2.8758E+00   1.6752E-01
   2.8764E+00   1.6753E-01
   2.8768E+00   1.6762E-01
   2.8774E+00   1.6753E-01
   2.8782E+00   1.6747E-01
   2.8797E+00   1.6743E-01
   2.8822E+00   1.6738E-01
   2.8866E+00   1.6731E-01
   2.8866E+00   1.6717E-01
   2.8866E+00   1.6720E-01
   2.8866E+00   1.6714E-01
   2.8866E+00   1.6713E-01
   2.8866E+00   1.6712E-01
   2.8866E+00   1.6710E-01
   2.8867E+00   1.6707E-01
   2.8867E+00   1.6704E-01
   2.8867E+00   1.6700E-01
   2.8867E+00   1.6697E-01
   2.8867E+00   1.6694E-01
   2.8867E+00   1.6691E-01
   2.8868E+00   1.6686E-01
   2.8868E+00   1.6681E-01
   2.8869E+00   1.6676E-01
   2.8870E+00   1.6672E-01
   2.8870E+00   1.6673E-01
   2.8871E+00   1.6676E-01
   2.8871E+00   1.6679E-01
   2.8871E+00   1.6682E-01
   2.8872E+00   1.6685E-01
   2.8873E+00   1.6688E-01
   2.8874E+00   1.6692E-01
   2.8877E+00   1.6694E-01
   2.8877E+00   1.6696E-01
   2.8877E+00   1.6697E-01
   2.8878E+00   1.6695E-01
   2.8878E+00   1.6689E-01
   2.8878E+00   1.6689E-01
   2.8878E+00   1.6688E-01
   2.8878E+00   1.6689E-01
   2.8878E+00   1.6689E-01
   2.8878E+00   1.6689E-01
   2.8878E+00   1.6688E-01
   2.8878E+00   1.6688E-01
   2.8878E+00   1.6688E-01
   2.8878E+00   1.6688E-01
   2.8878E+00   1.6686E-01
   2.8878E+00   1.6687E-01
   2.8879E+00   1.6687E-01
   2.8879E+00   1.6689E-01
   2.8879E+00   1.6692E-01
   2.8879E+00   1.6688E-01
   2.8880E+00   1.6686E-01
   2.8880E+00   1.6684E-01
   2.8881E+00   1.6684E-01
   2.8883E+00   1.6685E-01
   2.8886E+00   1.6689E-01
   2.8892E+00   1.6693E-01
   2.8901E+00   1.6700E-01
   2.8917E+00   1.6708E-01
   2.8945E+00   1.6722E-01
   2.8976E+00   1.6736E-01
   2.8982E+00   1.6771E-01
   2.8987E+00   1.6785E-01
   2.8995E+00   1.6788E-01
   2.9009E+00   1.6797E-01
   2.9034E+00   1.6814E-01
   2.9048E+00   1.6843E-01
   2.9072E+00   1.6858E-01
   2.9114E+00   1.6883E-01
   2.9158E+00   1.6910E-01
   2.9181E+00   1.6978E-01
   2.9216E+00   1.7001E-01
   2.9220E+00   1.7003E-01
   2.9223E+00   1.6996E-01
   2.9223E+00   1.6970E-01
   2.9223E+00   1.6963E-01
   2.9223E+00   1.6960E-01
   2.9223E+00   1.6956E-01
   2.9223E+00   1.6952E-01
   2.9224E+00   1.6949E-01
   2.9224E+00   1.6946E-01
   2.9224E+00   1.6944E-01
   2.9224E+00   1.6940E-01
   2.9224E+00   1.6934E-01
   2.9225E+00   1.6926E-01
   2.9225E+00   1.6917E-01
   2.9226E+00   1.6907E-01
   2.9226E+00   1.6899E-01
   2.9226E+00   1.6893E-01
   2.9226E+00   1.6889E-01
   2.9227E+00   1.6887E-01
   2.9227E+00   1.6886E-01
   2.9227E+00   1.6886E-01
   2.9228E+00   1.6886E-01
   2.9228E+00   1.6888E-01
   2.9229E+00   1.6889E-01
   2.9229E+00   1.6891E-01
   2.9229E+00   1.6891E-01
   2.9229E+00   1.6891E-01
   2.9229E+00   1.6892E-01
   2.9229E+00   1.6892E-01
   2.9229E+00   1.6892E-01
   2.9229E+00   1.6893E-01
   2.9229E+00   1.6893E-01
   2.9229E+00   1.6893E-01
   2.9229E+00   1.6893E-01
   2.9229E+00   1.6893E-01
   2.9229E+00   1.6892E-01
   2.9229E+00   1.6891E-01
   2.9229E+00   1.6891E-01
   2.9230E+00   1.6891E-01
   2.9230E+00   1.6892E-01
   2.9231E+00   1.6895E-01
   2.9232E+00   1.6897E-01
   2.9233E+00   1.6900E-01
   2.9235E+00   1.6904E-01
   2.9239E+00   1.6909E-01
   2.9245E+00   1.6914E-01
   2.9245E+00   1.6922E-01
   2.9245E+00   1.6923E-01
   2.9245E+00   1.6923E-01
   2.9245E+00   1.6923E-01
   2.9245E+00   1.6923E-01
   2.9245E+00   1.6923E-01
   2.9245E+00   1.6923E-01
   2.9245E+00   1.6923E-01
   2.9245E+00   1.6923E-01
   2.9245E+00   1.6923E-01
   2.9245E+00   1.6923E-01
   2.9245E+00   1.6923E-01
   2.9245E+00   1.6923E-01
   2.9245E+00   1.6923E-01
   2.9245E+00   1.6923E-01
   2.9245E+00   1.6922E-01
   2.9245E+00   1.6922E-01
   2.9245E+00   1.6922E-01
   2.9245E+00   1.6922E-01
   2.9245E+00   1.6921E-01
   2.9245E+00   1.6920E-01
   2.9245E+00   1.6920E-01
   2.9246E+00   1.6920E-01
   2.9246E+00   1.6920E-01
   2.9247E+00   1.6921E-01
   2.9248E+00   1.6922E-01
   2.9250E+00   1.6921E-01
   2.9252E+00   1.6914E-01
   2.9252E+00   1.6915E-01
   2.9252E+00   1.6914E-01
   2.9253E+00   1.6911E-01
   2.9253E+00   1.6909E-01
   2.9253E+00   1.6904E-01
   2.9254E+00   1.6902E-01
   2.9254E+00   1.6901E-01
   2.9256E+00   1.6901E-01
   2.9258E+00   1.6901E-01
   2.9262E+00   1.6901E-01
   2.9269E+00   1.6900E-01
   2.9275E+00   1.6890E-01
   2.9283E+00   1.6892E-01
   2.9294E+00   1.6893E-01
   2.9300E+00   1.6899E-01
   2.9311E+00   1.6900E-01
   2.9330E+00   1.6908E-01
   2.9340E+00   1.6940E-01
   2.9353E+00   1.6934E-01
   2.9373E+00   1.6935E-01
   2.9402E+00   1.6943E-01
   2.9454E+00   1.6959E-01
   2.9529E+00   1.6987E-01
   2.9530E+00   1.7028E-01
   2.9531E+00   1.7028E-01
   2.9532E+00   1.7029E-01
   2.9535E+00   1.7029E-01
   2.9536E+00   1.7030E-01
   2.9537E+00   1.7025E-01
   2.9537E+00   1.7027E-01
   2.9538E+00   1.7029E-01
   2.9538E+00   1.7026E-01
   2.9539E+00   1.7025E-01
   2.9541E+00   1.7026E-01
   2.9544E+00   1.7027E-01
   2.9549E+00   1.7031E-01
   2.9558E+00   1.7034E-01
   2.9560E+00   1.7038E-01
   2.9562E+00   1.7033E-01
   2.9562E+00   1.7035E-01
   2.9562E+00   1.7034E-01
   2.9562E+00   1.7034E-01
   2.9562E+00   1.7034E-01
   2.9562E+00   1.7033E-01
   2.9562E+00   1.7031E-01
   2.9562E+00   1.7032E-01
   2.9562E+00   1.7032E-01
   2.9562E+00   1.7032E-01
   2.9562E+00   1.7032E-01
   2.9562E+00   1.7032E-01
   2.9562E+00   1.7032E-01
   2.9562E+00   1.7032E-01
   2.9562E+00   1.7032E-01
   2.9562E+00   1.7032E-01
   2.9562E+00   1.7032E-01
   2.9562E+00   1.7032E-01
   2.9562E+00   1.7032E-01
   2.9562E+00   1.7032E-01
   2.9562E+00   1.7032E-01
   2.9562E+00   1.7032E-01
   2.9562E+00   1.7032E-01
   2.9562E+00   1.7033E-01
   2.9563E+00   1.7032E-01
   2.9563E+00   1.7031E-01
   2.9563E+00   1.7032E-01
   2.9563E+00   1.7035E-01
   2.9563E+00   1.7033E-01
   2.9563E+00   1.7031E-01
   2.9564E+00   1.7029E-01
   2.9564E+00   1.7029E-01
   2.9565E+00   1.7030E-01
   2.9567E+00   1.7032E-01
   2.9570E+00   1.7034E-01
   2.9574E+00   1.7035E-01
   2.9582E+00   1.7034E-01
   2.9583E+00   1.7030E-01
   2.9586E+00   1.7025E-01
   2.9587E+00   1.7020E-01
   2.9587E+00   1.7016E-01
   2.9588E+00   1.7016E-01
   2.9590E+00   1.7015E-01
   2.9591E+00   1.7015E-01
   2.9591E+00   1.7019E-01
   2.9591E+00   1.7016E-01
   2.9592E+00   1.7014E-01
   2.9593E+00   1.7014E-01
   2.9594E+00   1.7016E-01
   2.9597E+00   1.7019E-01
   2.9602E+00   1.7024E-01
   2.9610E+00   1.7028E-01
   2.9625E+00   1.7033E-01
   2.9650E+00   1.7037E-01
   2.9655E+00   1.7043E-01
   2.9659E+00   1.7037E-01
   2.9659E+00   1.7045E-01
   2.9659E+00   1.7045E-01
   2.9659E+00   1.7050E-01
   2.9659E+00   1.7054E-01
   2.9659E+00   1.7060E-01
   2.9659E+00   1.7063E-01
   2.9660E+00   1.7067E-01
   2.9660E+00   1.7065E-01
   2.9660E+00   1.7065E-01
   2.9660E+00   1.7063E-01
   2.9660E+00   1.7063E-01
   2.9661E+00   1.7061E-01
   2.9661E+00   1.7060E-01
   2.9661E+00   1.7057E-01
   2.9661E+00   1.7057E-01
   2.9661E+00   1.7059E-01
   2.9661E+00   1.7058E-01
   2.9662E+00   1.7056E-01
   2.9662E+00   1.7056E-01
   2.9663E+00   1.7057E-01
   2.9665E+00   1.7058E-01
   2.9669E+00   1.7060E-01
   2.9674E+00   1.7061E-01
   2.9674E+00   1.7062E-01
   2.9674E+00   1.7062E-01
   2.9674E+00   1.7062E-01
   2.9674E+00   1.7061E-01
   2.9674E+00   1.7061E-01
   2.9674E+00   1.7061E-01
   2.9674E+00   1.7061E-01
   2.9674E+00   1.7061E-01
   2.9674E+00   1.7061E-01
   2.9674E+00   1.7061E-01
   2.9674E+00   1.7061E-01
   2.9674E+00   1.7061E-01
   2.9674E+00   1.7061E-01
   2.9674E+00   1.7061E-01
   2.9674E+00   1.7061E-01
   2.9674E+00   1.7062E-01
   2.9674E+00   1.7061E-01
   2.9674E+00   1.7061E-01
   2.9674E+00   1.7060E-01
   2.9674E+00   1.7060E-01
   2.9675E+00   1.7060E-01
   2.9675E+00   1.7060E-01
   2.9676E+00   1.7061E-01
   2.9677E+00   1.7063E-01
   2.9678E+00   1.7064E-01
   2.9681E+00   1.7066E-01
   2.9684E+00   1.7067E-01
   2.9688E+00   1.7073E-01
   2.9694E+00   1.7070E-01
   2.9704E+00   1.7070E-01
   2.9721E+00   1.7074E-01
   2.9751E+00   1.7081E-01
   2.9786E+00   1.7094E-01
   2.9833E+00   1.7095E-01
   2.9908E+00   1.7098E-01
   2.9909E+00   1.7100E-01
   2.9911E+00   1.7101E-01
   2.9911E+00   1.7123E-01
   2.9911E+00   1.7123E-01
   2.9911E+00   1.7125E-01
   2.9911E+00   1.7127E-01
   2.9911E+00   1.7130E-01
   2.9911E+00   1.7134E-01
   2.9911E+00   1.7139E-01
   2.9911E+00   1.7145E-01
   2.9911E+00   1.7153E-01
   2.9911E+00   1.7162E-01
   2.9911E+00   1.7172E-01
   2.9911E+00   1.7181E-01
   2.9911E+00   1.7188E-01
   2.9911E+00   1.7192E-01
   2.9911E+00   1.7194E-01
   2.9911E+00   1.7193E-01
   2.9912E+00   1.7191E-01
   2.9912E+00   1.7189E-01
   2.9912E+00   1.7188E-01
   2.9913E+00   1.7187E-01
   2.9913E+00   1.7185E-01
   2.9913E+00   1.7187E-01
   2.9913E+00   1.7186E-01
   2.9914E+00   1.7188E-01
   2.9915E+00   1.7187E-01
   2.9915E+00   1.7188E-01
   2.9916E+00   1.7185E-01
   2.9916E+00   1.7186E-01
   2.9917E+00   1.7184E-01
   2.9917E+00   1.7184E-01
   2.9918E+00   1.7182E-01
   2.9918E+00   1.7183E-01
   2.9918E+00   1.7182E-01
   2.9918E+00   1.7182E-01
   2.9918E+00   1.7183E-01
   2.9918E+00   1.7182E-01
   2.9918E+00   1.7181E-01
   2.9919E+00   1.7181E-01
   2.9919E+00   1.7183E-01
   2.9920E+00   1.7180E-01
   2.9920E+00   1.7178E-01
   2.9921E+00   1.7176E-01
   2.9923E+00   1.7177E-01
   2.9927E+00   1.7178E-01
   2.9933E+00   1.7179E-01
   2.9936E+00   1.7178E-01
   2.9938E+00   1.7170E-01
   2.9938E+00   1.7174E-01
   2.9938E+00   1.7174E-01
   2.9938E+00   1.7175E-01
   2.9938E+00   1.7175E-01
   2.9938E+00   1.7177E-01
   2.9938E+00   1.7177E-01
   2.9939E+00   1.7178E-01
   2.9939E+00   1.7176E-01
   2.9939E+00   1.7177E-01
   2.9939E+00   1.7177E-01
   2.9939E+00   1.7177E-01
   2.9939E+00   1.7177E-01
   2.9939E+00   1.7177E-01
   2.9939E+00   1.7176E-01
   2.9939E+00   1.7176E-01
   2.9939E+00   1.7176E-01
   2.9939E+00   1.7175E-01
   2.9939E+00   1.7176E-01
   2.9940E+00   1.7176E-01
   2.9941E+00   1.7177E-01
   2.9942E+00   1.7177E-01
   2.9943E+00   1.7177E-01
   2.9943E+00   1.7172E-01
   2.9944E+00   1.7173E-01
   2.9945E+00   1.7171E-01
   2.9945E+00   1.7172E-01
   2.9945E+00   1.7170E-01
   2.9945E+00   1.7171E-01
   2.9945E+00   1.7170E-01
   2.9946E+00   1.7170E-01
   2.9946E+00   1.7170E-01
   2.9947E+00   1.7169E-01
   2.9948E+00   1.7168E-01
   2.9950E+00   1.7163E-01
   2.9951E+00   1.7164E-01
   2.9951E+00   1.7163E-01
   2.9951E+00   1.7164E-01
   2.9952E+00   1.7163E-01
   2.9952E+00   1.7165E-01
   2.9952E+00   1.7163E-01
   2.9952E+00   1.7164E-01
   2.9952E+00   1.7162E-01
   2.9952E+00   1.7163E-01
   2.9952E+00   1.7162E-01
   2.9952E+00   1.7162E-01
   2.9952E+00   1.7162E-01
   2.9952E+00   1.7162E-01
   2.9952E+00   1.7162E-01
   2.9953E+00   1.7162E-01
   2.9953E+00   1.7162E-01
   2.9953E+00   1.7162E-01
   2.9953E+00   1.7163E-01
   2.9953E+00   1.7162E-01
   2.9953E+00   1.7160E-01
   2.9953E+00   1.7159E-01
   2.9954E+00   1.7159E-01
   2.9955E+00   1.7160E-01
   2.9957E+00   1.7160E-01
   2.9960E+00   1.7159E-01
