TIME = 2.000017 s
    zone    radius      te    reg      ti    reg      ne          ni         vloop        jz          q      thermal beta
       2      0.80   9.985E-01 lm   9.954E-01 lm   3.413E+13   2.788E+13   2.723E+00   3.613E-01   8.339E-01   1.096E-03
       3      2.39   9.981E-01 lm   9.953E-01 nc   3.409E+13   2.785E+13   2.720E+00   3.567E-01   8.365E-01   1.094E-03
       4      3.99   9.974E-01 lm   9.956E-01 nc   3.401E+13   2.777E+13   2.719E+00   3.476E-01   8.443E-01   1.091E-03
       5      5.58   9.959E-01 lm   9.950E-01 nc   3.390E+13   2.768E+13   2.717E+00   3.364E-01   8.579E-01   1.086E-03
       6      7.18   9.928E-01 lm   9.922E-01 nc   3.380E+13   2.759E+13   2.715E+00   3.244E-01   8.752E-01   1.080E-03
       7      8.77   9.889E-01 lm   9.884E-01 nc   3.367E+13   2.748E+13   2.713E+00   3.122E-01   8.948E-01   1.071E-03
       8     10.37   9.841E-01 lm   9.838E-01 nc   3.351E+13   2.736E+13   2.711E+00   3.001E-01   9.163E-01   1.061E-03
       9     11.96   9.785E-01 lm   9.782E-01 lm   3.333E+13   2.721E+13   2.708E+00   2.883E-01   9.392E-01   1.049E-03
      10     13.56   9.721E-01 lm   9.718E-01 lm   3.313E+13   2.704E+13   2.705E+00   2.769E-01   9.631E-01   1.036E-03
      11     15.15   9.649E-01 lm   9.643E-01 lm   3.290E+13   2.685E+13   2.702E+00   2.659E-01   9.881E-01   1.021E-03
      12     16.74   9.568E-01 lm   9.560E-01 lm   3.264E+13   2.664E+13   2.699E+00   2.553E-01   1.014E+00   1.005E-03
      13     18.34   9.481E-01 lm   9.470E-01 lm   3.236E+13   2.641E+13   2.695E+00   2.451E-01   1.041E+00   9.868E-04
      14     19.93   9.385E-01 lm   9.375E-01 lm   3.205E+13   2.616E+13   2.691E+00   2.352E-01   1.068E+00   9.675E-04
      15     21.53   9.282E-01 lm   9.272E-01 lm   3.172E+13   2.588E+13   2.687E+00   2.255E-01   1.097E+00   9.469E-04
      16     23.12   9.172E-01 lm   9.166E-01 lm   3.135E+13   2.558E+13   2.682E+00   2.162E-01   1.126E+00   9.250E-04
      17     24.71   9.055E-01 lm   9.052E-01 lm   3.096E+13   2.525E+13   2.677E+00   2.071E-01   1.156E+00   9.018E-04
      18     26.30   8.929E-01 lm   8.926E-01 lm   3.055E+13   2.491E+13   2.671E+00   1.983E-01   1.188E+00   8.773E-04
      19     27.90   8.794E-01 lm   8.790E-01 lm   3.011E+13   2.455E+13   2.665E+00   1.898E-01   1.221E+00   8.515E-04
      20     29.49   8.652E-01 lm   8.645E-01 lm   2.965E+13   2.417E+13   2.659E+00   1.814E-01   1.255E+00   8.247E-04
      21     31.08   8.502E-01 lm   8.498E-01 lm   2.915E+13   2.376E+13   2.653E+00   1.732E-01   1.290E+00   7.970E-04
      22     32.67   8.344E-01 lm   8.342E-01 lm   2.864E+13   2.334E+13   2.646E+00   1.653E-01   1.326E+00   7.683E-04
      23     34.26   8.177E-01 lm   8.178E-01 lm   2.810E+13   2.289E+13   2.638E+00   1.575E-01   1.364E+00   7.388E-04
      24     35.85   8.001E-01 lm   8.004E-01 lm   2.754E+13   2.243E+13   2.630E+00   1.500E-01   1.404E+00   7.085E-04
      25     37.43   7.817E-01 lm   7.823E-01 lm   2.695E+13   2.195E+13   2.621E+00   1.426E-01   1.445E+00   6.775E-04
      26     39.02   7.625E-01 lm   7.626E-01 lm   2.634E+13   2.144E+13   2.612E+00   1.353E-01   1.488E+00   6.457E-04
      27     40.61   7.426E-01 lm   7.423E-01 lm   2.570E+13   2.092E+13   2.603E+00   1.283E-01   1.533E+00   6.133E-04
      28     42.19   7.219E-01 th   7.216E-01 th   2.503E+13   2.037E+13   2.593E+00   1.214E-01   1.580E+00   5.807E-04
      29     43.77   7.004E-01 th   7.005E-01 th   2.434E+13   1.980E+13   2.582E+00   1.147E-01   1.629E+00   5.479E-04
      30     45.35   6.782E-01 th   6.788E-01 th   2.362E+13   1.921E+13   2.571E+00   1.081E-01   1.681E+00   5.149E-04
      31     46.93   6.553E-01 th   6.557E-01 th   2.288E+13   1.859E+13   2.560E+00   1.017E-01   1.734E+00   4.816E-04
      32     48.51   6.315E-01 th   6.320E-01 th   2.210E+13   1.795E+13   2.548E+00   9.545E-02   1.791E+00   4.484E-04
      33     50.09   6.070E-01 th   6.075E-01 th   2.130E+13   1.729E+13   2.535E+00   8.935E-02   1.850E+00   4.153E-04
      34     51.66   5.817E-01 th   5.824E-01 th   2.048E+13   1.661E+13   2.521E+00   8.340E-02   1.912E+00   3.825E-04
      35     53.23   5.556E-01 th   5.565E-01 th   1.963E+13   1.591E+13   2.507E+00   7.760E-02   1.977E+00   3.501E-04
      36     54.80   5.285E-01 th   5.302E-01 th   1.876E+13   1.520E+13   2.492E+00   7.194E-02   2.045E+00   3.184E-04
      37     56.37   5.006E-01 th   5.033E-01 th   1.786E+13   1.446E+13   2.476E+00   6.642E-02   2.117E+00   2.874E-04
      38     57.93   4.721E-01 th   4.757E-01 th   1.694E+13   1.370E+13   2.460E+00   6.105E-02   2.193E+00   2.571E-04
      39     59.49   4.430E-01 th   4.475E-01 th   1.598E+13   1.290E+13   2.443E+00   5.581E-02   2.273E+00   2.278E-04
      40     61.05   4.132E-01 th   4.188E-01 th   1.499E+13   1.209E+13   2.426E+00   5.070E-02   2.357E+00   1.995E-04
      41     62.61   3.826E-01 th   3.902E-01 th   1.398E+13   1.125E+13   2.407E+00   4.573E-02   2.446E+00   1.726E-04
      42     64.16   3.512E-01 th   3.610E-01 th   1.294E+13   1.039E+13   2.388E+00   4.088E-02   2.540E+00   1.470E-04
      43     65.71   3.192E-01 th   3.308E-01 th   1.187E+13   9.511E+12   2.369E+00   3.614E-02   2.639E+00   1.229E-04
      44     67.26   2.865E-01 th   2.999E-01 th   1.077E+13   8.605E+12   2.350E+00   3.153E-02   2.745E+00   1.004E-04
      45     68.80   2.538E-01 th   2.690E-01 th   9.635E+12   7.667E+12   2.342E+00   2.715E-02   2.857E+00   7.988E-05
      46     70.34   2.207E-01 th   2.378E-01 th   8.440E+12   6.685E+12   2.426E+00   2.368E-02   2.975E+00   6.118E-05
      47     71.88   1.875E-01 th   2.070E-01 th   7.141E+12   5.628E+12   3.212E+00   2.537E-02   3.100E+00   4.436E-05
      48     73.41   1.342E-01 th   1.600E-01 th   5.572E+12   4.411E+12   1.712E+00   1.071E-02   3.226E+00   2.575E-05
      49     74.94   1.033E-01 th   1.294E-01 th   4.278E+12   3.388E+12   1.705E+00   7.784E-03   3.373E+00   1.560E-05
      50     76.47   7.082E-02 th   9.795E-02 th   3.002E+12   2.388E+12   1.702E+00   5.022E-03   3.530E+00   7.911E-06
      51     77.99   3.631E-02 th   6.469E-02 th   1.805E+12   1.405E+12   1.704E+00   2.237E-03   3.695E+00   2.772E-06
      52     79.51   1.000E-03 th   1.000E-03 th   3.964E+11   4.000E+11   1.704E+00   0.000E+00   3.870E+00   1.411E-08

TIME = 2.202955 s
    zone    radius      te    reg      ti    reg      ne          ni         vloop        jz          q      thermal beta
       2      0.80   1.935E+00 lm   1.508E+00 lm   4.479E+13   4.095E+13   9.281E-01   4.035E-01   7.441E-01   2.630E-03
       3      2.39   1.929E+00 lm   1.509E+00 nc   4.472E+13   4.089E+13   9.324E-01   3.933E-01   7.489E-01   2.622E-03
       4      3.99   1.917E+00 lm   1.509E+00 nc   4.423E+13   4.048E+13   9.408E-01   3.752E-01   7.633E-01   2.585E-03
       5      5.58   1.901E+00 lm   1.508E+00 nc   4.375E+13   4.007E+13   9.511E-01   3.566E-01   7.861E-01   2.544E-03
       6      7.18   1.880E+00 lm   1.503E+00 nc   4.328E+13   3.969E+13   9.622E-01   3.398E-01   8.118E-01   2.499E-03
       7      8.77   1.856E+00 lm   1.495E+00 nc   4.284E+13   3.933E+13   9.741E-01   3.244E-01   8.384E-01   2.451E-03
       8     10.37   1.829E+00 lm   1.484E+00 lm   4.240E+13   3.899E+13   9.864E-01   3.103E-01   8.651E-01   2.400E-03
       9     11.96   1.799E+00 lm   1.469E+00 lm   4.198E+13   3.866E+13   9.989E-01   2.970E-01   8.919E-01   2.345E-03
      10     13.56   1.766E+00 lm   1.452E+00 lm   4.156E+13   3.835E+13   1.011E+00   2.844E-01   9.190E-01   2.287E-03
      11     15.15   1.730E+00 lm   1.431E+00 lm   4.114E+13   3.805E+13   1.024E+00   2.723E-01   9.464E-01   2.226E-03
      12     16.74   1.691E+00 lm   1.408E+00 lm   4.072E+13   3.775E+13   1.036E+00   2.606E-01   9.743E-01   2.162E-03
      13     18.34   1.650E+00 lm   1.382E+00 lm   4.031E+13   3.747E+13   1.049E+00   2.492E-01   1.003E+00   2.096E-03
      14     19.93   1.607E+00 lm   1.354E+00 lm   3.988E+13   3.718E+13   1.060E+00   2.379E-01   1.032E+00   2.028E-03
      15     21.53   1.564E+00 lm   1.326E+00 lm   3.943E+13   3.687E+13   1.070E+00   2.269E-01   1.063E+00   1.959E-03
      16     23.12   1.521E+00 lm   1.297E+00 lm   3.894E+13   3.653E+13   1.077E+00   2.161E-01   1.094E+00   1.889E-03
      17     24.71   1.478E+00 lm   1.268E+00 lm   3.838E+13   3.613E+13   1.084E+00   2.056E-01   1.127E+00   1.817E-03
      18     26.30   1.435E+00 lm   1.239E+00 lm   3.774E+13   3.563E+13   1.089E+00   1.954E-01   1.162E+00   1.742E-03
      19     27.90   1.394E+00 lm   1.209E+00 th   3.699E+13   3.504E+13   1.092E+00   1.856E-01   1.198E+00   1.664E-03
      20     29.49   1.354E+00 lm   1.177E+00 th   3.615E+13   3.435E+13   1.095E+00   1.762E-01   1.235E+00   1.584E-03
      21     31.08   1.315E+00 th   1.142E+00 th   3.523E+13   3.357E+13   1.096E+00   1.671E-01   1.274E+00   1.501E-03
      22     32.67   1.278E+00 th   1.106E+00 th   3.421E+13   3.268E+13   1.096E+00   1.584E-01   1.315E+00   1.415E-03
      23     34.26   1.242E+00 th   1.069E+00 th   3.311E+13   3.169E+13   1.095E+00   1.498E-01   1.357E+00   1.329E-03
      24     35.85   1.206E+00 th   1.033E+00 th   3.196E+13   3.065E+13   1.093E+00   1.415E-01   1.402E+00   1.244E-03
      25     37.43   1.173E+00 th   9.972E-01 th   3.079E+13   2.957E+13   1.090E+00   1.334E-01   1.448E+00   1.162E-03
      26     39.02   1.140E+00 th   9.617E-01 th   2.961E+13   2.848E+13   1.086E+00   1.258E-01   1.496E+00   1.084E-03
      27     40.61   1.111E+00 th   9.291E-01 th   2.840E+13   2.736E+13   1.080E+00   1.186E-01   1.547E+00   1.009E-03
      28     42.19   1.083E+00 th   9.014E-01 th   2.718E+13   2.622E+13   1.074E+00   1.119E-01   1.599E+00   9.406E-04
      29     43.77   1.059E+00 th   8.786E-01 th   2.592E+13   2.504E+13   1.067E+00   1.059E-01   1.654E+00   8.759E-04
      30     45.35   1.035E+00 th   8.596E-01 th   2.462E+13   2.381E+13   1.060E+00   1.003E-01   1.711E+00   8.143E-04
      31     46.93   1.014E+00 th   8.439E-01 th   2.327E+13   2.254E+13   1.053E+00   9.514E-02   1.770E+00   7.550E-04
      32     48.51   9.934E-01 th   8.313E-01 th   2.188E+13   2.121E+13   1.047E+00   9.034E-02   1.830E+00   6.976E-04
      33     50.09   9.739E-01 th   8.217E-01 th   2.045E+13   1.985E+13   1.042E+00   8.588E-02   1.893E+00   6.418E-04
      34     51.66   9.547E-01 th   8.152E-01 th   1.898E+13   1.844E+13   1.038E+00   8.170E-02   1.957E+00   5.874E-04
      35     53.23   9.355E-01 th   8.117E-01 th   1.749E+13   1.701E+13   1.035E+00   7.771E-02   2.024E+00   5.346E-04
      36     54.80   9.160E-01 th   8.103E-01 th   1.599E+13   1.557E+13   1.034E+00   7.389E-02   2.092E+00   4.831E-04
      37     56.37   8.959E-01 th   8.089E-01 th   1.450E+13   1.413E+13   1.034E+00   7.023E-02   2.163E+00   4.328E-04
      38     57.93   8.753E-01 th   8.036E-01 th   1.304E+13   1.272E+13   1.036E+00   6.665E-02   2.236E+00   3.833E-04
      39     59.49   8.536E-01 th   7.982E-01 th   1.160E+13   1.132E+13   1.038E+00   6.309E-02   2.311E+00   3.355E-04
      40     61.05   8.298E-01 th   7.933E-01 th   1.017E+13   9.938E+12   1.040E+00   5.948E-02   2.390E+00   2.893E-04
      41     62.61   8.029E-01 th   7.923E-01 th   8.764E+12   8.570E+12   1.044E+00   5.576E-02   2.471E+00   2.450E-04
      42     64.16   7.721E-01 th   7.917E-01 th   7.385E+12   7.228E+12   1.049E+00   5.185E-02   2.556E+00   2.024E-04
      43     65.71   7.355E-01 th   7.874E-01 th   6.030E+12   5.909E+12   1.053E+00   4.753E-02   2.645E+00   1.610E-04
      44     67.26   6.913E-01 th   7.858E-01 th   4.722E+12   4.633E+12   1.057E+00   4.256E-02   2.739E+00   1.223E-04
      45     68.80   6.432E-01 th   7.760E-01 th   3.573E+12   3.511E+12   1.059E+00   3.735E-02   2.838E+00   8.900E-05
      46     70.34   5.607E-01 th   6.965E-01 th   2.671E+12   2.629E+12   1.060E+00   3.027E-02   2.945E+00   5.898E-05
      47     71.88   4.071E-01 th   5.446E-01 th   1.901E+12   1.882E+12   1.061E+00   1.949E-02   3.061E+00   3.188E-05
      48     73.41   2.483E-02 th   1.169E-01 th   1.423E+12   1.120E+12   6.139E-03   1.893E-04   3.193E+00   2.945E-06
      49     74.94   1.856E-03 th   9.408E-03 th   9.153E+11   9.220E+11   4.289E-01  -6.785E-05   3.353E+00   1.838E-07
      50     76.47   1.001E-03 th   9.965E-04 th   7.858E+11   7.894E+11   1.095E-03  -4.927E-05   3.520E+00   2.788E-08
      51     77.99   1.002E-03 th   9.964E-04 th   6.121E+11   6.157E+11   4.802E-01  -1.762E-05   3.692E+00   2.174E-08
      52     79.51   1.004E-03 th   1.000E-03 th   3.565E+11   3.602E+11   4.802E-01   0.000E+00   3.870E+00   1.273E-08

TIME = 2.403856 s
    zone    radius      te    reg      ti    reg      ne          ni         vloop        jz          q      thermal beta
       2      0.80   1.911E+00 lm   1.629E+00 lm   4.694E+13   4.547E+13   8.354E-01   4.293E-01   6.983E-01   2.902E-03
       3      2.39   1.904E+00 lm   1.631E+00 nc   4.688E+13   4.541E+13   8.379E-01   4.159E-01   7.039E-01   2.893E-03
       4      3.99   1.891E+00 lm   1.629E+00 nc   4.638E+13   4.495E+13   8.431E-01   3.934E-01   7.207E-01   2.851E-03
       5      5.58   1.873E+00 lm   1.625E+00 nc   4.585E+13   4.448E+13   8.499E-01   3.713E-01   7.462E-01   2.802E-03
       6      7.18   1.851E+00 lm   1.618E+00 nc   4.534E+13   4.402E+13   8.580E-01   3.514E-01   7.745E-01   2.749E-03
       7      8.77   1.826E+00 lm   1.607E+00 lm   4.485E+13   4.359E+13   8.670E-01   3.335E-01   8.034E-01   2.692E-03
       8     10.37   1.798E+00 lm   1.593E+00 lm   4.437E+13   4.316E+13   8.766E-01   3.173E-01   8.325E-01   2.632E-03
       9     11.96   1.767E+00 lm   1.575E+00 lm   4.389E+13   4.274E+13   8.864E-01   3.022E-01   8.617E-01   2.567E-03
      10     13.56   1.734E+00 lm   1.552E+00 lm   4.341E+13   4.232E+13   8.963E-01   2.879E-01   8.910E-01   2.497E-03
      11     15.15   1.699E+00 lm   1.524E+00 lm   4.291E+13   4.188E+13   9.059E-01   2.744E-01   9.207E-01   2.423E-03
      12     16.74   1.661E+00 lm   1.493E+00 lm   4.238E+13   4.141E+13   9.152E-01   2.614E-01   9.510E-01   2.343E-03
      13     18.34   1.624E+00 lm   1.462E+00 lm   4.180E+13   4.089E+13   9.237E-01   2.489E-01   9.819E-01   2.262E-03
      14     19.93   1.586E+00 lm   1.431E+00 lm   4.116E+13   4.031E+13   9.316E-01   2.370E-01   1.014E+00   2.179E-03
      15     21.53   1.549E+00 lm   1.398E+00 lm   4.045E+13   3.967E+13   9.391E-01   2.256E-01   1.046E+00   2.093E-03
      16     23.12   1.511E+00 lm   1.365E+00 lm   3.967E+13   3.895E+13   9.462E-01   2.147E-01   1.080E+00   2.004E-03
      17     24.71   1.473E+00 lm   1.332E+00 lm   3.881E+13   3.815E+13   9.530E-01   2.042E-01   1.115E+00   1.913E-03
      18     26.30   1.434E+00 lm   1.297E+00 lm   3.786E+13   3.725E+13   9.593E-01   1.940E-01   1.151E+00   1.818E-03
      19     27.90   1.395E+00 lm   1.261E+00 lm   3.680E+13   3.625E+13   9.655E-01   1.840E-01   1.188E+00   1.720E-03
      20     29.49   1.355E+00 lm   1.225E+00 th   3.569E+13   3.519E+13   9.717E-01   1.742E-01   1.227E+00   1.621E-03
      21     31.08   1.317E+00 lm   1.189E+00 th   3.457E+13   3.411E+13   9.775E-01   1.648E-01   1.268E+00   1.525E-03
      22     32.67   1.279E+00 lm   1.153E+00 th   3.344E+13   3.301E+13   9.828E-01   1.559E-01   1.310E+00   1.432E-03
      23     34.26   1.243E+00 th   1.117E+00 th   3.228E+13   3.189E+13   9.871E-01   1.474E-01   1.354E+00   1.342E-03
      24     35.85   1.207E+00 th   1.080E+00 th   3.111E+13   3.074E+13   9.908E-01   1.392E-01   1.399E+00   1.254E-03
      25     37.43   1.174E+00 th   1.044E+00 th   2.994E+13   2.959E+13   9.939E-01   1.316E-01   1.447E+00   1.170E-03
      26     39.02   1.142E+00 th   1.010E+00 th   2.877E+13   2.845E+13   9.965E-01   1.244E-01   1.497E+00   1.091E-03
      27     40.61   1.112E+00 th   9.797E-01 th   2.760E+13   2.730E+13   9.991E-01   1.178E-01   1.548E+00   1.018E-03
      28     42.19   1.085E+00 th   9.511E-01 th   2.642E+13   2.614E+13   1.002E+00   1.118E-01   1.601E+00   9.484E-04
      29     43.77   1.059E+00 th   9.248E-01 th   2.523E+13   2.497E+13   1.004E+00   1.063E-01   1.656E+00   8.825E-04
      30     45.35   1.034E+00 th   9.013E-01 th   2.401E+13   2.378E+13   1.007E+00   1.012E-01   1.712E+00   8.198E-04
      31     46.93   1.011E+00 th   8.806E-01 th   2.276E+13   2.255E+13   1.010E+00   9.641E-02   1.770E+00   7.596E-04
      32     48.51   9.888E-01 th   8.620E-01 th   2.148E+13   2.128E+13   1.013E+00   9.191E-02   1.830E+00   7.015E-04
      33     50.09   9.671E-01 th   8.453E-01 th   2.018E+13   2.000E+13   1.016E+00   8.763E-02   1.891E+00   6.453E-04
      34     51.66   9.458E-01 th   8.301E-01 th   1.885E+13   1.869E+13   1.019E+00   8.353E-02   1.955E+00   5.908E-04
      35     53.23   9.245E-01 th   8.166E-01 th   1.750E+13   1.735E+13   1.022E+00   7.951E-02   2.020E+00   5.378E-04
      36     54.80   9.029E-01 th   8.049E-01 th   1.613E+13   1.600E+13   1.025E+00   7.557E-02   2.087E+00   4.863E-04
      37     56.37   8.805E-01 th   7.956E-01 th   1.475E+13   1.463E+13   1.028E+00   7.166E-02   2.156E+00   4.363E-04
      38     57.93   8.569E-01 th   7.886E-01 th   1.335E+13   1.324E+13   1.030E+00   6.774E-02   2.228E+00   3.877E-04
      39     59.49   8.316E-01 th   7.837E-01 th   1.193E+13   1.184E+13   1.033E+00   6.373E-02   2.302E+00   3.403E-04
      40     61.05   8.041E-01 th   7.801E-01 th   1.052E+13   1.044E+13   1.035E+00   5.963E-02   2.380E+00   2.942E-04
      41     62.61   7.737E-01 th   7.771E-01 th   9.104E+12   9.041E+12   1.037E+00   5.537E-02   2.461E+00   2.493E-04
      42     64.16   7.393E-01 th   7.742E-01 th   7.703E+12   7.652E+12   1.039E+00   5.086E-02   2.546E+00   2.059E-04
      43     65.71   6.994E-01 th   7.702E-01 th   6.319E+12   6.278E+12   1.040E+00   4.600E-02   2.636E+00   1.640E-04
      44     67.26   6.533E-01 th   7.622E-01 th   4.985E+12   4.954E+12   1.041E+00   4.069E-02   2.731E+00   1.246E-04
      45     68.80   6.054E-01 th   7.452E-01 th   3.804E+12   3.781E+12   1.042E+00   3.542E-02   2.833E+00   9.073E-05
      46     70.34   5.259E-01 th   6.633E-01 th   2.832E+12   2.816E+12   1.043E+00   2.856E-02   2.941E+00   5.948E-05
      47     71.88   3.802E-01 th   5.155E-01 th   1.974E+12   1.967E+12   1.045E+00   1.823E-02   3.060E+00   3.127E-05
      48     73.41   2.398E-02 th   1.133E-01 th   1.433E+12   1.130E+12   1.739E-02   1.693E-04   3.193E+00   2.877E-06
      49     74.94   2.455E-03 th   1.133E-02 th   9.355E+11   9.203E+11   1.184E-03  -8.226E-05   3.352E+00   2.254E-07
      50     76.47   9.994E-04 th   1.330E-03 th   7.708E+11   7.744E+11   1.043E-03  -4.927E-05   3.520E+00   3.190E-08
      51     77.99   9.994E-04 th   1.122E-03 th   5.887E+11   5.924E+11   1.206E-02  -2.408E-05   3.692E+00   2.220E-08
      52     79.51   1.005E-03 th   1.000E-03 th   3.163E+11   3.200E+11   1.206E-02   0.000E+00   3.870E+00   1.130E-08

TIME = 2.600582 s
    zone    radius      te    reg      ti    reg      ne          ni         vloop        jz          q      thermal beta
       2      0.80   1.851E+00 lm   1.619E+00 lm   4.838E+13   4.811E+13   8.045E-01   4.524E-01   6.614E-01   2.967E-03
       3      2.39   1.842E+00 lm   1.621E+00 nc   4.833E+13   4.807E+13   8.078E-01   4.362E-01   6.674E-01   2.958E-03
       4      3.99   1.825E+00 lm   1.618E+00 nc   4.800E+13   4.773E+13   8.154E-01   4.100E-01   6.855E-01   2.921E-03
       5      5.58   1.801E+00 lm   1.609E+00 nc   4.776E+13   4.749E+13   8.264E-01   3.845E-01   7.128E-01   2.878E-03
       6      7.18   1.772E+00 lm   1.593E+00 lm   4.769E+13   4.741E+13   8.390E-01   3.618E-01   7.427E-01   2.835E-03
       7      8.77   1.741E+00 lm   1.573E+00 lm   4.757E+13   4.729E+13   8.507E-01   3.417E-01   7.735E-01   2.786E-03
       8     10.37   1.712E+00 lm   1.556E+00 lm   4.723E+13   4.696E+13   8.606E-01   3.237E-01   8.044E-01   2.727E-03
       9     11.96   1.684E+00 lm   1.542E+00 lm   4.663E+13   4.639E+13   8.688E-01   3.073E-01   8.352E-01   2.658E-03
      10     13.56   1.656E+00 lm   1.528E+00 lm   4.591E+13   4.568E+13   8.764E-01   2.919E-01   8.661E-01   2.584E-03
      11     15.15   1.628E+00 lm   1.515E+00 lm   4.513E+13   4.491E+13   8.840E-01   2.774E-01   8.972E-01   2.507E-03
      12     16.75   1.598E+00 lm   1.499E+00 lm   4.432E+13   4.411E+13   8.921E-01   2.634E-01   9.288E-01   2.427E-03
      13     18.34   1.567E+00 lm   1.482E+00 lm   4.350E+13   4.331E+13   9.008E-01   2.503E-01   9.611E-01   2.345E-03
      14     19.94   1.534E+00 lm   1.460E+00 lm   4.269E+13   4.250E+13   9.105E-01   2.379E-01   9.941E-01   2.260E-03
      15     21.53   1.499E+00 lm   1.433E+00 lm   4.188E+13   4.170E+13   9.206E-01   2.261E-01   1.028E+00   2.171E-03
      16     23.13   1.466E+00 lm   1.400E+00 lm   4.108E+13   4.092E+13   9.294E-01   2.149E-01   1.063E+00   2.082E-03
      17     24.72   1.433E+00 lm   1.367E+00 th   4.025E+13   4.010E+13   9.365E-01   2.042E-01   1.099E+00   1.993E-03
      18     26.31   1.401E+00 lm   1.332E+00 th   3.932E+13   3.919E+13   9.420E-01   1.939E-01   1.136E+00   1.902E-03
      19     27.90   1.369E+00 lm   1.297E+00 th   3.829E+13   3.817E+13   9.465E-01   1.839E-01   1.174E+00   1.806E-03
      20     29.50   1.336E+00 lm   1.262E+00 th   3.715E+13   3.703E+13   9.503E-01   1.742E-01   1.213E+00   1.708E-03
      21     31.09   1.303E+00 lm   1.228E+00 th   3.591E+13   3.580E+13   9.540E-01   1.648E-01   1.254E+00   1.608E-03
      22     32.68   1.269E+00 lm   1.194E+00 th   3.463E+13   3.452E+13   9.577E-01   1.557E-01   1.297E+00   1.509E-03
      23     34.27   1.237E+00 lm   1.163E+00 th   3.332E+13   3.323E+13   9.612E-01   1.472E-01   1.341E+00   1.415E-03
      24     35.86   1.206E+00 th   1.132E+00 th   3.202E+13   3.193E+13   9.642E-01   1.391E-01   1.388E+00   1.325E-03
      25     37.44   1.177E+00 th   1.102E+00 th   3.071E+13   3.062E+13   9.667E-01   1.316E-01   1.436E+00   1.238E-03
      26     39.03   1.149E+00 th   1.073E+00 th   2.941E+13   2.933E+13   9.683E-01   1.244E-01   1.485E+00   1.156E-03
      27     40.61   1.123E+00 th   1.046E+00 th   2.811E+13   2.803E+13   9.689E-01   1.177E-01   1.537E+00   1.079E-03
      28     42.20   1.099E+00 th   1.020E+00 th   2.680E+13   2.673E+13   9.689E-01   1.116E-01   1.590E+00   1.005E-03
      29     43.78   1.076E+00 th   9.956E-01 th   2.549E+13   2.542E+13   9.690E-01   1.060E-01   1.645E+00   9.345E-04
      30     45.36   1.055E+00 th   9.727E-01 th   2.416E+13   2.410E+13   9.690E-01   1.008E-01   1.702E+00   8.672E-04
      31     46.94   1.035E+00 th   9.519E-01 th   2.283E+13   2.277E+13   9.688E-01   9.597E-02   1.760E+00   8.029E-04
      32     48.52   1.016E+00 th   9.328E-01 th   2.148E+13   2.143E+13   9.684E-01   9.141E-02   1.821E+00   7.409E-04
      33     50.09   9.971E-01 th   9.157E-01 th   2.011E+13   2.006E+13   9.677E-01   8.710E-02   1.882E+00   6.809E-04
      34     51.67   9.788E-01 th   9.013E-01 th   1.871E+13   1.867E+13   9.667E-01   8.297E-02   1.946E+00   6.227E-04
      35     53.24   9.603E-01 th   8.912E-01 th   1.728E+13   1.724E+13   9.656E-01   7.895E-02   2.012E+00   5.663E-04
      36     54.81   9.412E-01 th   8.861E-01 th   1.582E+13   1.578E+13   9.645E-01   7.500E-02   2.079E+00   5.115E-04
      37     56.37   9.210E-01 th   8.857E-01 th   1.433E+13   1.430E+13   9.634E-01   7.107E-02   2.149E+00   4.583E-04
      38     57.94   8.992E-01 th   8.877E-01 th   1.286E+13   1.283E+13   9.619E-01   6.711E-02   2.221E+00   4.067E-04
      39     59.50   8.754E-01 th   8.822E-01 th   1.141E+13   1.138E+13   9.607E-01   6.304E-02   2.296E+00   3.549E-04
      40     61.06   8.490E-01 th   8.862E-01 th   9.983E+12   9.960E+12   9.597E-01   5.886E-02   2.374E+00   3.066E-04
      41     62.61   8.193E-01 th   8.886E-01 th   8.596E+12   8.578E+12   9.576E-01   5.456E-02   2.456E+00   2.599E-04
      42     64.16   7.855E-01 th   8.873E-01 th   7.251E+12   7.236E+12   9.549E-01   5.002E-02   2.542E+00   2.147E-04
      43     65.71   7.454E-01 th   8.863E-01 th   5.939E+12   5.927E+12   9.519E-01   4.511E-02   2.632E+00   1.715E-04
      44     67.26   6.984E-01 th   8.934E-01 th   4.685E+12   4.676E+12   9.483E-01   3.977E-02   2.729E+00   1.320E-04
      45     68.80   6.518E-01 th   8.929E-01 th   3.592E+12   3.586E+12   9.427E-01   3.464E-02   2.831E+00   9.822E-05
      46     70.34   5.698E-01 th   8.042E-01 th   2.703E+12   2.698E+12   9.366E-01   2.792E-02   2.940E+00   6.573E-05
      47     71.88   4.149E-01 th   6.299E-01 th   1.919E+12   1.915E+12   9.308E-01   1.772E-02   3.060E+00   3.549E-05
      48     73.41   2.629E-02 th   1.360E-01 th   1.393E+12   1.091E+12  -1.939E-02   2.457E-04   3.194E+00   3.279E-06
      49     74.94   1.881E-03 th   6.329E-03 th   8.886E+11   8.954E+11   3.346E-01  -5.530E-05   3.353E+00   1.300E-07
      50     76.47   1.020E-03 th   1.015E-03 th   7.513E+11   7.550E+11   5.517E-01  -3.377E-05   3.521E+00   2.717E-08
      51     77.99   1.015E-03 th   1.009E-03 th   5.694E+11   5.731E+11   8.530E-01  -5.438E-06   3.693E+00   2.049E-08
      52     79.51   1.000E-03 th   1.000E-03 th   3.160E+11   3.196E+11   8.530E-01   0.000E+00   3.872E+00   1.126E-08

TIME = 2.800633 s
    zone    radius      te    reg      ti    reg      ne          ni         vloop        jz          q      thermal beta
       2      0.80   1.929E+00 lm   1.695E+00 lm   4.799E+13   4.793E+13   7.801E-01   4.604E-01   6.484E-01   3.080E-03
       3      2.39   1.920E+00 lm   1.698E+00 nc   4.794E+13   4.787E+13   7.835E-01   4.440E-01   6.543E-01   3.071E-03
       4      3.99   1.905E+00 lm   1.698E+00 nc   4.741E+13   4.735E+13   7.895E-01   4.170E-01   6.721E-01   3.025E-03
       5      5.59   1.884E+00 lm   1.693E+00 nc   4.683E+13   4.677E+13   7.970E-01   3.906E-01   6.991E-01   2.966E-03
       6      7.18   1.858E+00 lm   1.683E+00 lm   4.624E+13   4.618E+13   8.058E-01   3.672E-01   7.289E-01   2.899E-03
       7      8.78   1.828E+00 lm   1.666E+00 lm   4.565E+13   4.559E+13   8.160E-01   3.463E-01   7.596E-01   2.824E-03
       8     10.37   1.794E+00 lm   1.643E+00 lm   4.505E+13   4.499E+13   8.274E-01   3.274E-01   7.905E-01   2.742E-03
       9     11.97   1.757E+00 lm   1.615E+00 lm   4.444E+13   4.438E+13   8.400E-01   3.101E-01   8.216E-01   2.653E-03
      10     13.57   1.717E+00 lm   1.581E+00 lm   4.382E+13   4.376E+13   8.537E-01   2.939E-01   8.529E-01   2.559E-03
      11     15.16   1.677E+00 lm   1.548E+00 lm   4.319E+13   4.313E+13   8.669E-01   2.787E-01   8.846E-01   2.466E-03
      12     16.76   1.637E+00 lm   1.514E+00 lm   4.254E+13   4.249E+13   8.798E-01   2.645E-01   9.169E-01   2.374E-03
      13     18.35   1.597E+00 lm   1.480E+00 th   4.187E+13   4.182E+13   8.925E-01   2.511E-01   9.497E-01   2.282E-03
      14     19.95   1.557E+00 lm   1.445E+00 th   4.119E+13   4.113E+13   9.047E-01   2.385E-01   9.832E-01   2.190E-03
      15     21.54   1.518E+00 lm   1.411E+00 th   4.048E+13   4.043E+13   9.163E-01   2.265E-01   1.018E+00   2.099E-03
      16     23.14   1.480E+00 lm   1.375E+00 th   3.975E+13   3.970E+13   9.271E-01   2.151E-01   1.053E+00   2.010E-03
      17     24.73   1.441E+00 lm   1.340E+00 th   3.899E+13   3.894E+13   9.374E-01   2.043E-01   1.089E+00   1.920E-03
      18     26.33   1.402E+00 th   1.304E+00 th   3.819E+13   3.815E+13   9.471E-01   1.938E-01   1.126E+00   1.830E-03
      19     27.92   1.362E+00 th   1.269E+00 th   3.734E+13   3.730E+13   9.564E-01   1.837E-01   1.165E+00   1.740E-03
      20     29.51   1.323E+00 th   1.232E+00 th   3.644E+13   3.640E+13   9.646E-01   1.738E-01   1.205E+00   1.649E-03
      21     31.10   1.284E+00 th   1.195E+00 th   3.551E+13   3.547E+13   9.717E-01   1.644E-01   1.246E+00   1.559E-03
      22     32.69   1.247E+00 th   1.157E+00 th   3.452E+13   3.449E+13   9.784E-01   1.554E-01   1.290E+00   1.470E-03
      23     34.28   1.210E+00 th   1.119E+00 th   3.349E+13   3.346E+13   9.853E-01   1.470E-01   1.334E+00   1.382E-03
      24     35.87   1.173E+00 th   1.081E+00 th   3.244E+13   3.241E+13   9.928E-01   1.391E-01   1.381E+00   1.295E-03
      25     37.46   1.136E+00 th   1.044E+00 th   3.134E+13   3.131E+13   1.001E+00   1.317E-01   1.429E+00   1.210E-03
      26     39.05   1.101E+00 th   1.007E+00 th   3.020E+13   3.018E+13   1.009E+00   1.246E-01   1.479E+00   1.128E-03
      27     40.63   1.067E+00 th   9.726E-01 th   2.904E+13   2.902E+13   1.016E+00   1.179E-01   1.530E+00   1.049E-03
      28     42.21   1.037E+00 th   9.407E-01 th   2.788E+13   2.786E+13   1.023E+00   1.118E-01   1.584E+00   9.768E-04
      29     43.80   1.009E+00 th   9.116E-01 th   2.671E+13   2.668E+13   1.029E+00   1.062E-01   1.639E+00   9.086E-04
      30     45.38   9.831E-01 th   8.851E-01 th   2.550E+13   2.548E+13   1.035E+00   1.010E-01   1.696E+00   8.439E-04
      31     46.96   9.588E-01 th   8.611E-01 th   2.426E+13   2.425E+13   1.039E+00   9.616E-02   1.754E+00   7.821E-04
      32     48.53   9.357E-01 th   8.401E-01 th   2.299E+13   2.297E+13   1.044E+00   9.153E-02   1.814E+00   7.231E-04
      33     50.11   9.136E-01 th   8.225E-01 th   2.168E+13   2.166E+13   1.047E+00   8.711E-02   1.876E+00   6.666E-04
      34     51.68   8.920E-01 th   8.082E-01 th   2.033E+13   2.032E+13   1.050E+00   8.286E-02   1.940E+00   6.123E-04
      35     53.25   8.706E-01 th   7.970E-01 th   1.895E+13   1.893E+13   1.053E+00   7.869E-02   2.005E+00   5.597E-04
      36     54.82   8.491E-01 th   7.887E-01 th   1.753E+13   1.752E+13   1.055E+00   7.461E-02   2.073E+00   5.087E-04
      37     56.38   8.272E-01 th   7.827E-01 th   1.607E+13   1.606E+13   1.056E+00   7.058E-02   2.143E+00   4.584E-04
      38     57.95   8.045E-01 th   7.789E-01 th   1.456E+13   1.456E+13   1.057E+00   6.653E-02   2.216E+00   4.085E-04
      39     59.51   7.801E-01 th   7.777E-01 th   1.301E+13   1.301E+13   1.057E+00   6.242E-02   2.292E+00   3.591E-04
      40     61.06   7.537E-01 th   7.784E-01 th   1.145E+13   1.144E+13   1.058E+00   5.821E-02   2.370E+00   3.108E-04
      41     62.62   7.250E-01 th   7.790E-01 th   9.909E+12   9.903E+12   1.058E+00   5.392E-02   2.453E+00   2.640E-04
      42     64.17   6.930E-01 th   7.638E-01 th   8.387E+12   8.383E+12   1.058E+00   4.939E-02   2.539E+00   2.164E-04
      43     65.72   6.556E-01 th   7.639E-01 th   6.874E+12   6.870E+12   1.059E+00   4.452E-02   2.630E+00   1.728E-04
      44     67.27   6.116E-01 th   7.619E-01 th   5.406E+12   5.403E+12   1.060E+00   3.924E-02   2.727E+00   1.315E-04
      45     68.81   5.660E-01 th   7.511E-01 th   4.108E+12   4.106E+12   1.060E+00   3.402E-02   2.830E+00   9.584E-05
      46     70.35   4.897E-01 th   6.680E-01 th   3.038E+12   3.036E+12   1.060E+00   2.725E-02   2.940E+00   6.230E-05
      47     71.88   3.507E-01 th   5.174E-01 th   2.086E+12   2.085E+12   1.060E+00   1.717E-02   3.060E+00   3.208E-05
      48     73.42   2.297E-02 th   1.166E-01 th   1.469E+12   1.166E+12   3.644E-02   2.267E-04   3.195E+00   3.006E-06
      49     74.95   2.822E-03 th   1.411E-02 th   9.480E+11   9.184E+11   5.961E-01  -5.356E-06   3.355E+00   2.770E-07
      50     76.47   1.008E-03 th   3.724E-03 th   7.281E+11   7.318E+11   1.442E+00  -6.773E-06   3.524E+00   6.128E-08
      51     77.99   1.004E-03 th   3.628E-03 th   5.403E+11   5.439E+11   1.181E+00   1.235E-05   3.696E+00   4.458E-08
      52     79.51   1.000E-03 th   1.000E-03 th   3.560E+11   3.597E+11   1.181E+00   0.000E+00   3.875E+00   1.268E-08

TIME = 2.996014 s
    zone    radius      te    reg      ti    reg      ne          ni         vloop        jz          q      thermal beta
       2      0.80   1.931E+00 lm   1.704E+00 lm   4.859E+13   4.856E+13   8.072E-01   4.791E-01   6.213E-01   3.129E-03
       3      2.40   1.923E+00 lm   1.707E+00 nc   4.854E+13   4.851E+13   8.094E-01   4.604E-01   6.276E-01   3.121E-03
       4      3.99   1.906E+00 lm   1.709E+00 nc   4.805E+13   4.802E+13   8.140E-01   4.307E-01   6.463E-01   3.077E-03
       5      5.59   1.884E+00 lm   1.706E+00 nc   4.752E+13   4.749E+13   8.201E-01   4.023E-01   6.739E-01   3.022E-03
       6      7.19   1.858E+00 lm   1.698E+00 lm   4.700E+13   4.697E+13   8.275E-01   3.770E-01   7.043E-01   2.960E-03
       7      8.78   1.827E+00 lm   1.683E+00 lm   4.649E+13   4.646E+13   8.359E-01   3.546E-01   7.353E-01   2.890E-03
       8     10.38   1.793E+00 lm   1.662E+00 lm   4.598E+13   4.595E+13   8.451E-01   3.343E-01   7.667E-01   2.814E-03
       9     11.98   1.757E+00 lm   1.636E+00 lm   4.547E+13   4.544E+13   8.547E-01   3.156E-01   7.983E-01   2.733E-03
      10     13.57   1.718E+00 lm   1.607E+00 lm   4.495E+13   4.492E+13   8.642E-01   2.981E-01   8.302E-01   2.647E-03
      11     15.17   1.678E+00 lm   1.575E+00 lm   4.441E+13   4.438E+13   8.738E-01   2.817E-01   8.628E-01   2.559E-03
      12     16.77   1.638E+00 lm   1.543E+00 lm   4.384E+13   4.381E+13   8.834E-01   2.666E-01   8.960E-01   2.470E-03
      13     18.36   1.597E+00 lm   1.510E+00 lm   4.323E+13   4.320E+13   8.929E-01   2.523E-01   9.298E-01   2.380E-03
      14     19.96   1.556E+00 lm   1.476E+00 lm   4.257E+13   4.255E+13   9.021E-01   2.389E-01   9.645E-01   2.287E-03
      15     21.56   1.516E+00 lm   1.441E+00 th   4.186E+13   4.183E+13   9.113E-01   2.262E-01   1.000E+00   2.192E-03
      16     23.15   1.476E+00 lm   1.405E+00 th   4.109E+13   4.107E+13   9.204E-01   2.144E-01   1.037E+00   2.097E-03
      17     24.75   1.437E+00 lm   1.368E+00 th   4.026E+13   4.024E+13   9.295E-01   2.034E-01   1.074E+00   2.001E-03
      18     26.34   1.400E+00 lm   1.330E+00 th   3.937E+13   3.935E+13   9.384E-01   1.932E-01   1.113E+00   1.904E-03
      19     27.93   1.363E+00 th   1.292E+00 th   3.842E+13   3.840E+13   9.468E-01   1.834E-01   1.152E+00   1.807E-03
      20     29.53   1.327E+00 th   1.254E+00 th   3.742E+13   3.740E+13   9.541E-01   1.740E-01   1.193E+00   1.710E-03
      21     31.12   1.290E+00 th   1.215E+00 th   3.636E+13   3.634E+13   9.604E-01   1.649E-01   1.235E+00   1.614E-03
      22     32.71   1.254E+00 th   1.177E+00 th   3.525E+13   3.523E+13   9.663E-01   1.560E-01   1.278E+00   1.517E-03
      23     34.30   1.216E+00 th   1.138E+00 th   3.411E+13   3.409E+13   9.722E-01   1.474E-01   1.323E+00   1.423E-03
      24     35.89   1.179E+00 th   1.101E+00 th   3.296E+13   3.295E+13   9.781E-01   1.392E-01   1.369E+00   1.331E-03
      25     37.48   1.143E+00 th   1.063E+00 th   3.180E+13   3.178E+13   9.839E-01   1.314E-01   1.417E+00   1.243E-03
      26     39.06   1.108E+00 th   1.026E+00 th   3.062E+13   3.061E+13   9.901E-01   1.242E-01   1.468E+00   1.157E-03
      27     40.65   1.074E+00 th   9.887E-01 th   2.942E+13   2.941E+13   9.972E-01   1.175E-01   1.520E+00   1.075E-03
      28     42.23   1.043E+00 th   9.541E-01 th   2.822E+13   2.821E+13   1.004E+00   1.113E-01   1.574E+00   9.983E-04
      29     43.81   1.014E+00 th   9.231E-01 th   2.702E+13   2.701E+13   1.011E+00   1.057E-01   1.629E+00   9.272E-04
      30     45.39   9.875E-01 th   8.960E-01 th   2.579E+13   2.578E+13   1.017E+00   1.005E-01   1.686E+00   8.604E-04
      31     46.97   9.624E-01 th   8.727E-01 th   2.452E+13   2.451E+13   1.022E+00   9.562E-02   1.745E+00   7.971E-04
      32     48.55   9.386E-01 th   8.526E-01 th   2.321E+13   2.320E+13   1.027E+00   9.099E-02   1.806E+00   7.365E-04
      33     50.12   9.156E-01 th   8.353E-01 th   2.186E+13   2.185E+13   1.032E+00   8.660E-02   1.868E+00   6.781E-04
      34     51.69   8.933E-01 th   8.206E-01 th   2.047E+13   2.046E+13   1.036E+00   8.236E-02   1.932E+00   6.214E-04
      35     53.26   8.713E-01 th   8.077E-01 th   1.904E+13   1.903E+13   1.040E+00   7.821E-02   1.999E+00   5.662E-04
      36     54.83   8.494E-01 th   7.963E-01 th   1.757E+13   1.757E+13   1.043E+00   7.411E-02   2.067E+00   5.124E-04
      37     56.39   8.270E-01 th   7.873E-01 th   1.608E+13   1.608E+13   1.045E+00   7.004E-02   2.137E+00   4.599E-04
      38     57.96   8.040E-01 th   7.810E-01 th   1.457E+13   1.456E+13   1.046E+00   6.593E-02   2.211E+00   4.090E-04
      39     59.52   7.796E-01 th   7.774E-01 th   1.303E+13   1.302E+13   1.046E+00   6.177E-02   2.287E+00   3.594E-04
      40     61.07   7.532E-01 th   7.759E-01 th   1.148E+13   1.147E+13   1.045E+00   5.752E-02   2.366E+00   3.109E-04
      41     62.63   7.240E-01 th   7.757E-01 lm   9.926E+12   9.923E+12   1.044E+00   5.315E-02   2.449E+00   2.637E-04
      42     64.18   6.910E-01 th   7.758E-01 lm   8.384E+12   8.381E+12   1.043E+00   4.859E-02   2.536E+00   2.179E-04
      43     65.73   6.525E-01 th   7.757E-01 th   6.862E+12   6.859E+12   1.043E+00   4.374E-02   2.628E+00   1.736E-04
      44     67.27   6.080E-01 th   7.717E-01 th   5.397E+12   5.395E+12   1.044E+00   3.851E-02   2.726E+00   1.319E-04
      45     68.81   5.620E-01 th   7.583E-01 th   4.102E+12   4.101E+12   1.046E+00   3.338E-02   2.829E+00   9.595E-05
      46     70.35   4.855E-01 th   6.747E-01 th   3.037E+12   3.036E+12   1.050E+00   2.677E-02   2.940E+00   6.242E-05
      47     71.89   3.473E-01 th   5.232E-01 th   2.090E+12   2.089E+12   1.053E+00   1.694E-02   3.061E+00   3.223E-05
      48     73.42   2.273E-02 th   1.158E-01 th   1.475E+12   1.172E+12   5.475E-03   2.496E-04   3.196E+00   2.999E-06
      49     74.95   2.691E-03 th   1.277E-02 th   9.525E+11   9.276E+11   3.098E-01   1.055E-05   3.357E+00   2.553E-07
      50     76.47   1.007E-03 th   3.450E-03 th   7.355E+11   7.391E+11   6.560E-01  -1.705E-06   3.526E+00   5.830E-08
      51     77.99   1.000E-03 th   3.699E-03 th   5.514E+11   5.550E+11   5.547E-01   1.783E-05   3.700E+00   4.614E-08
      52     79.51   1.000E-03 th   1.000E-03 th   3.955E+11   3.992E+11   5.547E-01   0.000E+00   3.879E+00   1.408E-08

